0.000000 
0.001458 
0.001426 
0.001884 
0.002090 
0.002576 
0.002502 
0.002993 
0.003308 
0.004061 
0.004672 
0.005190 
0.005772 
0.006163 
0.006935 
0.007258 
0.007951 
0.008777 
0.008936 
0.009166 
0.009773 
0.010371 
0.010903 
0.011515 
0.012117 
0.012197 
0.012210 
0.012258 
0.012220 
0.012079 
0.011931 
0.011879 
0.011878 
0.011880 
0.011926 
0.011982 
0.011962 
0.011946 
0.011952 
0.011912 
0.011968 
0.011983 
0.012090 
0.012130 
0.012170 
0.012145 
0.012087 
0.012093 
0.012063 
0.011983 
0.011992 
0.011976 
0.011918 
0.011920 
0.011900 
0.011916 
0.011933 
0.012049 
0.012167 
0.012320 
0.012398 
0.012473 
0.012548 
0.012727 
0.012826 
0.012912 
0.013017 
0.013228 
0.013489 
0.013780 
0.014099 
0.014506 
0.014692 
0.014942 
0.015268 
0.015390 
0.015541 
0.015627 
0.015761 
0.015955 
0.016062 
0.016159 
0.016227 
0.016292 
0.016378 
0.016447 
0.016549 
0.016643 
0.016681 
0.016758 
0.016888 
0.017009 
0.017157 
0.017341 
0.017466 
0.017628 
0.017824 
0.018018 
0.018185 
0.018378 
0.018609 
0.018792 
0.018966 
0.019102 
0.019199 
0.019309 
0.019433 
0.019542 
0.019678 
0.019811 
0.019922 
0.020024 
0.020116 
0.020197 
0.020233 
0.020247 
0.020211 
0.020165 
0.020100 
0.020035 
0.020032 
0.020034 
0.020048 
0.020030 
0.020005 
0.019997 
0.020034 
0.020068 
0.020142 
0.020229 
0.020327 
0.020425 
0.020594 
0.020789 
0.021022 
0.021303 
0.021640 
0.021898 
0.022133 
0.022305 
0.022536 
0.022799 
0.023027 
0.023232 
0.023393 
0.023507 
0.023623 
0.023722 
0.023793 
0.023846 
0.023873 
0.023909 
0.023917 
0.023928 
0.023932 
0.023921 
0.023910 
0.023899 
0.023882 
0.023870 
0.023857 
0.023841 
0.023831 
0.023805 
0.023776 
0.023763 
0.023730 
0.023697 
0.023671 
0.023635 
0.023612 
0.023586 
0.023562 
0.023535 
0.023521 
0.023506 
0.023500 
0.023487 
0.023464 
0.023437 
0.023427 
0.023427 
0.023416 
0.023390 
0.023371 
0.023334 
0.023301 
0.023276 
0.023249 
0.023213 
0.023183 
0.023151 
0.023121 
0.023093 
0.023062 
0.023040 
0.023008 
0.022972 
0.022940 
0.022909 
0.022876 
0.022844 
0.022818 
0.022794 
0.022754 
0.022718 
0.022680 
0.022649 
0.022618 
0.022576 
0.022538 
0.022499 
0.022454 
0.022417 
0.022381 
0.022342 
0.022299 
0.022256 
0.022212 
0.022171 
0.022128 
0.022083 
0.022039 
0.021993 
0.021949 
0.021905 
0.021859 
0.021812 
0.021766 
0.021720 
0.021676 
0.021634 
0.021588 
0.021542 
0.021496 
0.021450 
0.021405 
0.021361 
0.021317 
0.021273 
0.021230 
0.021186 
0.021143 
0.021101 
0.021061 
0.021019 
0.020978 
0.020935 
0.020894 
0.020856 
0.020815 
0.020777 
0.020736 
0.020696 
0.020655 
0.020617 
0.020586 
0.020567 
0.020558 
0.020534 
0.020508 
0.020484 
0.020468 
0.020458 
0.020440 
0.020421 
0.020395 
0.020362 
0.020340 
0.020321 
0.020303 
0.020279 
0.020252 
0.020224 
0.020191 
0.020157 
0.020121 
0.020086 
0.020051 
0.020015 
0.019980 
0.019944 
0.019909 
0.019874 
0.019839 
0.019805 
0.019770 
0.019736 
0.019704 
0.019679 
0.019648 
0.019616 
0.019583 
0.019551 
0.019520 
0.019487 
0.019455 
0.019423 
0.019391 
0.019360 
0.019330 
0.019298 
0.019267 
0.019239 
0.019208 
0.019177 
0.019146 
0.019115 
0.019084 
0.019054 
0.019026 
0.018996 
0.018966 
0.018936 
0.018907 
0.018877 
0.018848 
0.018820 
0.018792 
0.018766 
0.018737 
0.018711 
0.018686 
0.018661 
0.018633 
0.018605 
0.018578 
0.018549 
0.018522 
0.018495 
0.018468 
0.018440 
0.018413 
0.018385 
0.018358 
0.018332 
0.000000 
0.001458 
0.001426 
0.001884 
0.002090 
0.002576 
0.002502 
0.002993 
0.003308 
0.004061 
0.004672 
0.005190 
0.005772 
0.006163 
0.006935 
0.007258 
0.007951 
0.008777 
0.008936 
0.009166 
0.009773 
0.010371 
0.010903 
0.011515 
0.012117 
0.012197 
0.012210 
0.012258 
0.012220 
0.012079 
0.011931 
0.011879 
0.011878 
0.011880 
0.011926 
0.011982 
0.011962 
0.011946 
0.011952 
0.011912 
0.011968 
0.011983 
0.012090 
0.012130 
0.012170 
0.012145 
0.012087 
0.012093 
0.012063 
0.011983 
0.011992 
0.011976 
0.011918 
0.011920 
0.011900 
0.011916 
0.011933 
0.012049 
0.012167 
0.012320 
0.012398 
0.012473 
0.012548 
0.012727 
0.012826 
0.012912 
0.013017 
0.013228 
0.013489 
0.013780 
0.014099 
0.014506 
0.014692 
0.014942 
0.015268 
0.015390 
0.015541 
0.015627 
0.015761 
0.015955 
0.016062 
0.016159 
0.016227 
0.016292 
0.016378 
0.016447 
0.016549 
0.016643 
0.016681 
0.016758 
0.016888 
0.017009 
0.017157 
0.017341 
0.017466 
0.017628 
0.017824 
0.018018 
0.018185 
0.018378 
0.018609 
0.018792 
0.018966 
0.019102 
0.019199 
0.019309 
0.019433 
0.019542 
0.019678 
0.019811 
0.019922 
0.020024 
0.020116 
0.020197 
0.020233 
0.020247 
0.020211 
0.020165 
0.020100 
0.020035 
0.020032 
0.020034 
0.020048 
0.020030 
0.020005 
0.019997 
0.020034 
0.020068 
0.020142 
0.020229 
0.020327 
0.020425 
0.020594 
0.020789 
0.021022 
0.021303 
0.021640 
0.021898 
0.022133 
0.022305 
0.022536 
0.022799 
0.023027 
0.023232 
0.023393 
0.023507 
0.023623 
0.023722 
0.023793 
0.023846 
0.023873 
0.023909 
0.023917 
0.023928 
0.023932 
0.023921 
0.023910 
0.023899 
0.023882 
0.023870 
0.023857 
0.023841 
0.023831 
0.023805 
0.023776 
0.023763 
0.023730 
0.023697 
0.023671 
0.023635 
0.023612 
0.023586 
0.023562 
0.023535 
0.023521 
0.023506 
0.023500 
0.023487 
0.023464 
0.023437 
0.023427 
0.023427 
0.023416 
0.023390 
0.023371 
0.023334 
0.023301 
0.023276 
0.023249 
0.023213 
0.023183 
0.023151 
0.023121 
0.023093 
0.023062 
0.023040 
0.023008 
0.022972 
0.022940 
0.022909 
0.022876 
0.022844 
0.022818 
0.022794 
0.022754 
0.022718 
0.022680 
0.022649 
0.022618 
0.022576 
0.022538 
0.022499 
0.022454 
0.022417 
0.022381 
0.022342 
0.022299 
0.022256 
0.022212 
0.022171 
0.022128 
0.022083 
0.022039 
0.021993 
0.021949 
0.021905 
0.021859 
0.021812 
0.021766 
0.021720 
0.021676 
0.021634 
0.021588 
0.021542 
0.021496 
0.021450 
0.021405 
0.021361 
0.021317 
0.021273 
0.021230 
0.021186 
0.021143 
0.021101 
0.021061 
0.021019 
0.020978 
0.020935 
0.020894 
0.020856 
0.020815 
0.020777 
0.020736 
0.020696 
0.020655 
0.020617 
0.020586 
0.020567 
0.020558 
0.020534 
0.020508 
0.020484 
0.020468 
0.020458 
0.020440 
0.020421 
0.020395 
0.020362 
0.020340 
0.020321 
0.020303 
0.020279 
0.020252 
0.020224 
0.020191 
0.020157 
0.020121 
0.020086 
0.020051 
0.020015 
0.019980 
0.019944 
0.019909 
0.019874 
0.019839 
0.019805 
0.019770 
0.019736 
0.019704 
0.019679 
0.019648 
0.019616 
0.019583 
0.019551 
0.019520 
0.019487 
0.019455 
0.019423 
0.019391 
0.019360 
0.019330 
0.019298 
0.019267 
0.019239 
0.019208 
0.019177 
0.019146 
0.019115 
0.019084 
0.019054 
0.019026 
0.018996 
0.018966 
0.018936 
0.018907 
0.018877 
0.018848 
0.018820 
0.018792 
0.018766 
0.018737 
0.018711 
0.018686 
0.018661 
0.018633 
0.018605 
0.018578 
0.018549 
0.018522 
0.018495 
0.018468 
0.018440 
0.018413 
0.018385 
0.018358 
0.018332 
0.000000 
0.001458 
0.001426 
0.001884 
0.002090 
0.002576 
0.002502 
0.002993 
0.003308 
0.004061 
0.004672 
0.005190 
0.005772 
0.006163 
0.006935 
0.007258 
0.007951 
0.008777 
0.008936 
0.009166 
0.009773 
0.010371 
0.010903 
0.011515 
0.012117 
0.012197 
0.012210 
0.012258 
0.012220 
0.012079 
0.011931 
0.011879 
0.011878 
0.011880 
0.011926 
0.011982 
0.011962 
0.011946 
0.011952 
0.011912 
0.011968 
0.011983 
0.012090 
0.012130 
0.012170 
0.012145 
0.012087 
0.012093 
0.012063 
0.011983 
0.011992 
0.011976 
0.011918 
0.011920 
0.011900 
0.011916 
0.011933 
0.012049 
0.012167 
0.012320 
0.012398 
0.012473 
0.012548 
0.012727 
0.012826 
0.012912 
0.013017 
0.013228 
0.013489 
0.013780 
0.014099 
0.014506 
0.014692 
0.014942 
0.015268 
0.015390 
0.015541 
0.015627 
0.015761 
0.015955 
0.016062 
0.016159 
0.016227 
0.016292 
0.016378 
0.016447 
0.016549 
0.016643 
0.016681 
0.016758 
0.016888 
0.017009 
0.017157 
0.017341 
0.017466 
0.017628 
0.017824 
0.018018 
0.018185 
0.018378 
0.018609 
0.018792 
0.018966 
0.019102 
0.019199 
0.019309 
0.019433 
0.019542 
0.019678 
0.019811 
0.019922 
0.020024 
0.020116 
0.020197 
0.020233 
0.020247 
0.020211 
0.020165 
0.020100 
0.020035 
0.020032 
0.020034 
0.020048 
0.020030 
0.020005 
0.019997 
0.020034 
0.020068 
0.020142 
0.020229 
0.020327 
0.020425 
0.020594 
0.020789 
0.021022 
0.021303 
0.021640 
0.021898 
0.022133 
0.022305 
0.022536 
0.022799 
0.023027 
0.023232 
0.023393 
0.023507 
0.023623 
0.023722 
0.023793 
0.023846 
0.023873 
0.023909 
0.023917 
0.023928 
0.023932 
0.023921 
0.023910 
0.023899 
0.023882 
0.023870 
0.023857 
0.023841 
0.023831 
0.023805 
0.023776 
0.023763 
0.023730 
0.023697 
0.023671 
0.023635 
0.023612 
0.023586 
0.023562 
0.023535 
0.023521 
0.023506 
0.023500 
0.023487 
0.023464 
0.023437 
0.023427 
0.023427 
0.023416 
0.023390 
0.023371 
0.023334 
0.023301 
0.023276 
0.023249 
0.023213 
0.023183 
0.023151 
0.023121 
0.023093 
0.023062 
0.023040 
0.023008 
0.022972 
0.022940 
0.022909 
0.022876 
0.022844 
0.022818 
0.022794 
0.022754 
0.022718 
0.022680 
0.022649 
0.022618 
0.022576 
0.022538 
0.022499 
0.022454 
0.022417 
0.022381 
0.022342 
0.022299 
0.022256 
0.022212 
0.022171 
0.022128 
0.022083 
0.022039 
0.021993 
0.021949 
0.021905 
0.021859 
0.021812 
0.021766 
0.021720 
0.021676 
0.021634 
0.021588 
0.021542 
0.021496 
0.021450 
0.021405 
0.021361 
0.021317 
0.021273 
0.021230 
0.021186 
0.021143 
0.021101 
0.021061 
0.021019 
0.020978 
0.020935 
0.020894 
0.020856 
0.020815 
0.020777 
0.020736 
0.020696 
0.020655 
0.020617 
0.020586 
0.020567 
0.020558 
0.020534 
0.020508 
0.020484 
0.020468 
0.020458 
0.020440 
0.020421 
0.020395 
0.020362 
0.020340 
0.020321 
0.020303 
0.020279 
0.020252 
0.020224 
0.020191 
0.020157 
0.020121 
0.020086 
0.020051 
0.020015 
0.019980 
0.019944 
0.019909 
0.019874 
0.019839 
0.019805 
0.019770 
0.019736 
0.019704 
0.019679 
0.019648 
0.019616 
0.019583 
0.019551 
0.019520 
0.019487 
0.019455 
0.019423 
0.019391 
0.019360 
0.019330 
0.019298 
0.019267 
0.019239 
0.019208 
0.019177 
0.019146 
0.019115 
0.019084 
0.019054 
0.019026 
0.018996 
0.018966 
0.018936 
0.018907 
0.018877 
0.018848 
0.018820 
0.018792 
0.018766 
0.018737 
0.018711 
0.018686 
0.018661 
0.018633 
0.018605 
0.018578 
0.018549 
0.018522 
0.018495 
0.018468 
0.018440 
0.018413 
0.018385 
0.018358 
0.018332 
