0.000000 
0.000376 
0.003115 
0.003491 
0.003168 
0.003213 
0.003501 
0.003645 
0.004082 
0.004599 
0.005120 
0.006474 
0.007139 
0.008548 
0.009965 
0.010366 
0.010230 
0.010060 
0.009986 
0.009864 
0.010275 
0.010752 
0.011190 
0.012075 
0.013169 
0.014148 
0.014635 
0.014766 
0.014635 
0.014412 
0.014199 
0.013992 
0.013992 
0.014022 
0.013927 
0.013833 
0.013666 
0.013631 
0.013548 
0.013515 
0.013502 
0.013488 
0.013431 
0.013407 
0.013442 
0.013326 
0.013330 
0.013368 
0.013245 
0.013185 
0.013308 
0.013196 
0.013071 
0.013006 
0.012964 
0.012983 
0.013064 
0.013145 
0.013191 
0.013361 
0.013471 
0.013546 
0.013651 
0.013769 
0.014003 
0.014204 
0.014492 
0.014617 
0.014707 
0.014878 
0.015164 
0.015459 
0.015470 
0.015547 
0.015555 
0.015742 
0.016181 
0.016526 
0.016849 
0.017177 
0.017394 
0.017559 
0.017659 
0.017696 
0.017760 
0.017763 
0.017893 
0.017998 
0.018001 
0.018025 
0.018164 
0.018240 
0.018215 
0.018305 
0.018403 
0.018492 
0.018538 
0.018720 
0.018814 
0.018944 
0.019156 
0.019378 
0.019447 
0.019543 
0.019624 
0.019693 
0.019854 
0.020041 
0.020261 
0.020369 
0.020472 
0.020502 
0.020551 
0.020622 
0.020666 
0.020732 
0.020681 
0.020633 
0.020611 
0.020598 
0.020598 
0.020601 
0.020614 
0.020667 
0.020638 
0.020664 
0.020680 
0.020692 
0.020655 
0.020658 
0.020754 
0.020827 
0.020969 
0.021057 
0.021305 
0.021565 
0.021725 
0.021840 
0.022014 
0.022159 
0.022241 
0.022343 
0.022381 
0.022539 
0.022637 
0.022714 
0.022720 
0.022742 
0.022730 
0.022691 
0.022671 
0.022682 
0.022628 
0.022609 
0.022593 
0.022561 
0.022515 
0.022463 
0.022400 
0.022338 
0.022273 
0.022217 
0.022156 
0.022098 
0.022036 
0.022005 
0.021994 
0.021960 
0.021897 
0.021834 
0.021773 
0.021727 
0.021678 
0.021621 
0.021566 
0.021517 
0.021465 
0.021412 
0.021357 
0.021304 
0.021249 
0.021196 
0.021145 
0.021091 
0.021036 
0.020993 
0.020945 
0.020895 
0.020842 
0.020787 
0.020733 
0.020679 
0.020627 
0.020587 
0.020538 
0.020493 
0.020443 
0.020394 
0.020343 
0.020294 
0.020247 
0.020199 
0.020152 
0.020104 
0.020055 
0.020011 
0.019987 
0.019954 
0.019960 
0.019931 
0.019930 
0.019922 
0.019901 
0.019872 
0.019838 
0.019810 
0.019769 
0.019734 
0.019731 
0.019722 
0.019712 
0.019690 
0.019657 
0.019632 
0.019592 
0.019557 
0.019529 
0.019521 
0.019508 
0.019485 
0.019462 
0.019427 
0.019413 
0.019401 
0.019386 
0.019379 
0.019346 
0.019306 
0.019266 
0.019233 
0.019212 
0.019190 
0.019174 
0.019151 
0.019129 
0.019093 
0.019070 
0.019057 
0.019088 
0.019083 
0.019086 
0.019056 
0.019027 
0.018995 
0.018992 
0.019006 
0.018982 
0.018958 
0.018955 
0.018944 
0.018953 
0.018996 
0.018985 
0.018961 
0.018932 
0.018897 
0.018862 
0.018836 
0.018809 
0.018795 
0.018867 
0.018956 
0.018981 
0.019024 
0.019086 
0.019094 
0.019091 
0.019113 
0.019123 
0.019103 
0.019089 
0.019085 
0.019095 
0.019106 
0.019085 
0.019083 
0.019070 
0.019045 
0.019030 
0.019005 
0.018973 
0.018948 
0.018921 
0.018898 
0.018882 
0.018880 
0.018856 
0.018841 
0.018826 
0.018800 
0.018786 
0.018781 
0.018760 
0.018744 
0.018718 
0.018693 
0.018669 
0.018643 
0.018614 
0.018586 
0.018560 
0.018541 
0.018519 
0.018514 
0.018499 
0.018503 
0.018508 
0.018487 
0.018466 
0.018445 
0.018417 
0.018389 
0.018365 
0.018341 
0.018316 
0.018287 
0.018268 
0.018252 
0.018224 
0.018197 
0.018169 
0.018143 
0.018120 
0.018103 
0.018085 
0.018065 
0.000000 
0.000376 
0.003115 
0.003491 
0.003168 
0.003213 
0.003501 
0.003645 
0.004082 
0.004599 
0.005120 
0.006474 
0.007139 
0.008548 
0.009965 
0.010366 
0.010230 
0.010060 
0.009986 
0.009864 
0.010275 
0.010752 
0.011190 
0.012075 
0.013169 
0.014148 
0.014635 
0.014766 
0.014635 
0.014412 
0.014199 
0.013992 
0.013992 
0.014022 
0.013927 
0.013833 
0.013666 
0.013631 
0.013548 
0.013515 
0.013502 
0.013488 
0.013431 
0.013407 
0.013442 
0.013326 
0.013330 
0.013368 
0.013245 
0.013185 
0.013308 
0.013196 
0.013071 
0.013006 
0.012964 
0.012983 
0.013064 
0.013145 
0.013191 
0.013361 
0.013471 
0.013546 
0.013651 
0.013769 
0.014003 
0.014204 
0.014492 
0.014617 
0.014707 
0.014878 
0.015164 
0.015459 
0.015470 
0.015547 
0.015555 
0.015742 
0.016181 
0.016526 
0.016849 
0.017177 
0.017394 
0.017559 
0.017659 
0.017696 
0.017760 
0.017763 
0.017893 
0.017998 
0.018001 
0.018025 
0.018164 
0.018240 
0.018215 
0.018305 
0.018403 
0.018492 
0.018538 
0.018720 
0.018814 
0.018944 
0.019156 
0.019378 
0.019447 
0.019543 
0.019624 
0.019693 
0.019854 
0.020041 
0.020261 
0.020369 
0.020472 
0.020502 
0.020551 
0.020622 
0.020666 
0.020732 
0.020681 
0.020633 
0.020611 
0.020598 
0.020598 
0.020601 
0.020614 
0.020667 
0.020638 
0.020664 
0.020680 
0.020692 
0.020655 
0.020658 
0.020754 
0.020827 
0.020969 
0.021057 
0.021305 
0.021565 
0.021725 
0.021840 
0.022014 
0.022159 
0.022241 
0.022343 
0.022381 
0.022539 
0.022637 
0.022714 
0.022720 
0.022742 
0.022730 
0.022691 
0.022671 
0.022682 
0.022628 
0.022609 
0.022593 
0.022561 
0.022515 
0.022463 
0.022400 
0.022338 
0.022273 
0.022217 
0.022156 
0.022098 
0.022036 
0.022005 
0.021994 
0.021960 
0.021897 
0.021834 
0.021773 
0.021727 
0.021678 
0.021621 
0.021566 
0.021517 
0.021465 
0.021412 
0.021357 
0.021304 
0.021249 
0.021196 
0.021145 
0.021091 
0.021036 
0.020993 
0.020945 
0.020895 
0.020842 
0.020787 
0.020733 
0.020679 
0.020627 
0.020587 
0.020538 
0.020493 
0.020443 
0.020394 
0.020343 
0.020294 
0.020247 
0.020199 
0.020152 
0.020104 
0.020055 
0.020011 
0.019987 
0.019954 
0.019960 
0.019931 
0.019930 
0.019922 
0.019901 
0.019872 
0.019838 
0.019810 
0.019769 
0.019734 
0.019731 
0.019722 
0.019712 
0.019690 
0.019657 
0.019632 
0.019592 
0.019557 
0.019529 
0.019521 
0.019508 
0.019485 
0.019462 
0.019427 
0.019413 
0.019401 
0.019386 
0.019379 
0.019346 
0.019306 
0.019266 
0.019233 
0.019212 
0.019190 
0.019174 
0.019151 
0.019129 
0.019093 
0.019070 
0.019057 
0.019088 
0.019083 
0.019086 
0.019056 
0.019027 
0.018995 
0.018992 
0.019006 
0.018982 
0.018958 
0.018955 
0.018944 
0.018953 
0.018996 
0.018985 
0.018961 
0.018932 
0.018897 
0.018862 
0.018836 
0.018809 
0.018795 
0.018867 
0.018956 
0.018981 
0.019024 
0.019086 
0.019094 
0.019091 
0.019113 
0.019123 
0.019103 
0.019089 
0.019085 
0.019095 
0.019106 
0.019085 
0.019083 
0.019070 
0.019045 
0.019030 
0.019005 
0.018973 
0.018948 
0.018921 
0.018898 
0.018882 
0.018880 
0.018856 
0.018841 
0.018826 
0.018800 
0.018786 
0.018781 
0.018760 
0.018744 
0.018718 
0.018693 
0.018669 
0.018643 
0.018614 
0.018586 
0.018560 
0.018541 
0.018519 
0.018514 
0.018499 
0.018503 
0.018508 
0.018487 
0.018466 
0.018445 
0.018417 
0.018389 
0.018365 
0.018341 
0.018316 
0.018287 
0.018268 
0.018252 
0.018224 
0.018197 
0.018169 
0.018143 
0.018120 
0.018103 
0.018085 
0.018065 
0.000000 
0.000376 
0.003115 
0.003491 
0.003168 
0.003213 
0.003501 
0.003645 
0.004082 
0.004599 
0.005120 
0.006474 
0.007139 
0.008548 
0.009965 
0.010366 
0.010230 
0.010060 
0.009986 
0.009864 
0.010275 
0.010752 
0.011190 
0.012075 
0.013169 
0.014148 
0.014635 
0.014766 
0.014635 
0.014412 
0.014199 
0.013992 
0.013992 
0.014022 
0.013927 
0.013833 
0.013666 
0.013631 
0.013548 
0.013515 
0.013502 
0.013488 
0.013431 
0.013407 
0.013442 
0.013326 
0.013330 
0.013368 
0.013245 
0.013185 
0.013308 
0.013196 
0.013071 
0.013006 
0.012964 
0.012983 
0.013064 
0.013145 
0.013191 
0.013361 
0.013471 
0.013546 
0.013651 
0.013769 
0.014003 
0.014204 
0.014492 
0.014617 
0.014707 
0.014878 
0.015164 
0.015459 
0.015470 
0.015547 
0.015555 
0.015742 
0.016181 
0.016526 
0.016849 
0.017177 
0.017394 
0.017559 
0.017659 
0.017696 
0.017760 
0.017763 
0.017893 
0.017998 
0.018001 
0.018025 
0.018164 
0.018240 
0.018215 
0.018305 
0.018403 
0.018492 
0.018538 
0.018720 
0.018814 
0.018944 
0.019156 
0.019378 
0.019447 
0.019543 
0.019624 
0.019693 
0.019854 
0.020041 
0.020261 
0.020369 
0.020472 
0.020502 
0.020551 
0.020622 
0.020666 
0.020732 
0.020681 
0.020633 
0.020611 
0.020598 
0.020598 
0.020601 
0.020614 
0.020667 
0.020638 
0.020664 
0.020680 
0.020692 
0.020655 
0.020658 
0.020754 
0.020827 
0.020969 
0.021057 
0.021305 
0.021565 
0.021725 
0.021840 
0.022014 
0.022159 
0.022241 
0.022343 
0.022381 
0.022539 
0.022637 
0.022714 
0.022720 
0.022742 
0.022730 
0.022691 
0.022671 
0.022682 
0.022628 
0.022609 
0.022593 
0.022561 
0.022515 
0.022463 
0.022400 
0.022338 
0.022273 
0.022217 
0.022156 
0.022098 
0.022036 
0.022005 
0.021994 
0.021960 
0.021897 
0.021834 
0.021773 
0.021727 
0.021678 
0.021621 
0.021566 
0.021517 
0.021465 
0.021412 
0.021357 
0.021304 
0.021249 
0.021196 
0.021145 
0.021091 
0.021036 
0.020993 
0.020945 
0.020895 
0.020842 
0.020787 
0.020733 
0.020679 
0.020627 
0.020587 
0.020538 
0.020493 
0.020443 
0.020394 
0.020343 
0.020294 
0.020247 
0.020199 
0.020152 
0.020104 
0.020055 
0.020011 
0.019987 
0.019954 
0.019960 
0.019931 
0.019930 
0.019922 
0.019901 
0.019872 
0.019838 
0.019810 
0.019769 
0.019734 
0.019731 
0.019722 
0.019712 
0.019690 
0.019657 
0.019632 
0.019592 
0.019557 
0.019529 
0.019521 
0.019508 
0.019485 
0.019462 
0.019427 
0.019413 
0.019401 
0.019386 
0.019379 
0.019346 
0.019306 
0.019266 
0.019233 
0.019212 
0.019190 
0.019174 
0.019151 
0.019129 
0.019093 
0.019070 
0.019057 
0.019088 
0.019083 
0.019086 
0.019056 
0.019027 
0.018995 
0.018992 
0.019006 
0.018982 
0.018958 
0.018955 
0.018944 
0.018953 
0.018996 
0.018985 
0.018961 
0.018932 
0.018897 
0.018862 
0.018836 
0.018809 
0.018795 
0.018867 
0.018956 
0.018981 
0.019024 
0.019086 
0.019094 
0.019091 
0.019113 
0.019123 
0.019103 
0.019089 
0.019085 
0.019095 
0.019106 
0.019085 
0.019083 
0.019070 
0.019045 
0.019030 
0.019005 
0.018973 
0.018948 
0.018921 
0.018898 
0.018882 
0.018880 
0.018856 
0.018841 
0.018826 
0.018800 
0.018786 
0.018781 
0.018760 
0.018744 
0.018718 
0.018693 
0.018669 
0.018643 
0.018614 
0.018586 
0.018560 
0.018541 
0.018519 
0.018514 
0.018499 
0.018503 
0.018508 
0.018487 
0.018466 
0.018445 
0.018417 
0.018389 
0.018365 
0.018341 
0.018316 
0.018287 
0.018268 
0.018252 
0.018224 
0.018197 
0.018169 
0.018143 
0.018120 
0.018103 
0.018085 
0.018065 
0.000000 
0.000376 
0.003115 
0.003491 
0.003168 
0.003213 
0.003501 
0.003645 
0.004082 
0.004599 
0.005120 
0.006474 
0.007139 
0.008548 
0.009965 
0.010366 
0.010230 
0.010060 
0.009986 
0.009864 
0.010275 
0.010752 
0.011190 
0.012075 
0.013169 
0.014148 
0.014635 
0.014766 
0.014635 
0.014412 
0.014199 
0.013992 
0.013992 
0.014022 
0.013927 
0.013833 
0.013666 
0.013631 
0.013548 
0.013515 
0.013502 
0.013488 
0.013431 
0.013407 
0.013442 
0.013326 
0.013330 
0.013368 
0.013245 
0.013185 
0.013308 
0.013196 
0.013071 
0.013006 
0.012964 
0.012983 
0.013064 
0.013145 
0.013191 
0.013361 
0.013471 
0.013546 
0.013651 
0.013769 
0.014003 
0.014204 
0.014492 
0.014617 
0.014707 
0.014878 
0.015164 
0.015459 
0.015470 
0.015547 
0.015555 
0.015742 
0.016181 
0.016526 
0.016849 
0.017177 
0.017394 
0.017559 
0.017659 
0.017696 
0.017760 
0.017763 
0.017893 
0.017998 
0.018001 
0.018025 
0.018164 
0.018240 
0.018215 
0.018305 
0.018403 
0.018492 
0.018538 
0.018720 
0.018814 
0.018944 
0.019156 
0.019378 
0.019447 
0.019543 
0.019624 
0.019693 
0.019854 
0.020041 
0.020261 
0.020369 
0.020472 
0.020502 
0.020551 
0.020622 
0.020666 
0.020732 
0.020681 
0.020633 
0.020611 
0.020598 
0.020598 
0.020601 
0.020614 
0.020667 
0.020638 
0.020664 
0.020680 
0.020692 
0.020655 
0.020658 
0.020754 
0.020827 
0.020969 
0.021057 
0.021305 
0.021565 
0.021725 
0.021840 
0.022014 
0.022159 
0.022241 
0.022343 
0.022381 
0.022539 
0.022637 
0.022714 
0.022720 
0.022742 
0.022730 
0.022691 
0.022671 
0.022682 
0.022628 
0.022609 
0.022593 
0.022561 
0.022515 
0.022463 
0.022400 
0.022338 
0.022273 
0.022217 
0.022156 
0.022098 
0.022036 
0.022005 
0.021994 
0.021960 
0.021897 
0.021834 
0.021773 
0.021727 
0.021678 
0.021621 
0.021566 
0.021517 
0.021465 
0.021412 
0.021357 
0.021304 
0.021249 
0.021196 
0.021145 
0.021091 
0.021036 
0.020993 
0.020945 
0.020895 
0.020842 
0.020787 
0.020733 
0.020679 
0.020627 
0.020587 
0.020538 
0.020493 
0.020443 
0.020394 
0.020343 
0.020294 
0.020247 
0.020199 
0.020152 
0.020104 
0.020055 
0.020011 
0.019987 
0.019954 
0.019960 
0.019931 
0.019930 
0.019922 
0.019901 
0.019872 
0.019838 
0.019810 
0.019769 
0.019734 
0.019731 
0.019722 
0.019712 
0.019690 
0.019657 
0.019632 
0.019592 
0.019557 
0.019529 
0.019521 
0.019508 
0.019485 
0.019462 
0.019427 
0.019413 
0.019401 
0.019386 
0.019379 
0.019346 
0.019306 
0.019266 
0.019233 
0.019212 
0.019190 
0.019174 
0.019151 
0.019129 
0.019093 
0.019070 
0.019057 
0.019088 
0.019083 
0.019086 
0.019056 
0.019027 
0.018995 
0.018992 
0.019006 
0.018982 
0.018958 
0.018955 
0.018944 
0.018953 
0.018996 
0.018985 
0.018961 
0.018932 
0.018897 
0.018862 
0.018836 
0.018809 
0.018795 
0.018867 
0.018956 
0.018981 
0.019024 
0.019086 
0.019094 
0.019091 
0.019113 
0.019123 
0.019103 
0.019089 
0.019085 
0.019095 
0.019106 
0.019085 
0.019083 
0.019070 
0.019045 
0.019030 
0.019005 
0.018973 
0.018948 
0.018921 
0.018898 
0.018882 
0.018880 
0.018856 
0.018841 
0.018826 
0.018800 
0.018786 
0.018781 
0.018760 
0.018744 
0.018718 
0.018693 
0.018669 
0.018643 
0.018614 
0.018586 
0.018560 
0.018541 
0.018519 
0.018514 
0.018499 
0.018503 
0.018508 
0.018487 
0.018466 
0.018445 
0.018417 
0.018389 
0.018365 
0.018341 
0.018316 
0.018287 
0.018268 
0.018252 
0.018224 
0.018197 
0.018169 
0.018143 
0.018120 
0.018103 
0.018085 
0.018065 
