0.000000 
0.003303 
0.003201 
0.003061 
0.003382 
0.003184 
0.003036 
0.002991 
0.002842 
0.002782 
0.002784 
0.002677 
0.002585 
0.002586 
0.002724 
0.002727 
0.002799 
0.002804 
0.002758 
0.002689 
0.002687 
0.002625 
0.002594 
0.002567 
0.002523 
0.002476 
0.002472 
0.002452 
0.002411 
0.002372 
0.002340 
0.002303 
0.002268 
0.002276 
0.002254 
0.002230 
0.002206 
0.002177 
0.002151 
0.002124 
0.002130 
0.002173 
0.002248 
0.002224 
0.002199 
0.002367 
0.002560 
0.002827 
0.003115 
0.003257 
0.003339 
0.003453 
0.003546 
0.003763 
0.003899 
0.004039 
0.004251 
0.004270 
0.004286 
0.004397 
0.004588 
0.004835 
0.004967 
0.005035 
0.005101 
0.005256 
0.005484 
0.005593 
0.005679 
0.005747 
0.005799 
0.005953 
0.006221 
0.006434 
0.006705 
0.006881 
0.007012 
0.007036 
0.007070 
0.007066 
0.007041 
0.007004 
0.006975 
0.006945 
0.006906 
0.006871 
0.006831 
0.006798 
0.006761 
0.006724 
0.006699 
0.006664 
0.006667 
0.006660 
0.006681 
0.006661 
0.006656 
0.006658 
0.006663 
0.006665 
0.006674 
0.006673 
0.006666 
0.006650 
0.006620 
0.006592 
0.006562 
0.006540 
0.006512 
0.006482 
0.006458 
0.006430 
0.006440 
0.006465 
0.006489 
0.006464 
0.006438 
0.006412 
0.006386 
0.006367 
0.006341 
0.006320 
0.006298 
0.006277 
0.006251 
0.006227 
0.006205 
0.006187 
0.006176 
0.006152 
0.006150 
0.006152 
0.006152 
0.006186 
0.006200 
0.006205 
0.006216 
0.006256 
0.006358 
0.006355 
0.006354 
0.006517 
0.006736 
0.006839 
0.006921 
0.007032 
0.007119 
0.007205 
0.007351 
0.007461 
0.007607 
0.007703 
0.007856 
0.007959 
0.008082 
0.008253 
0.008337 
0.008435 
0.008541 
0.008723 
0.008918 
0.009075 
0.009271 
0.009441 
0.009571 
0.009655 
0.009773 
0.009884 
0.009986 
0.010062 
0.010139 
0.010201 
0.010288 
0.010340 
0.010401 
0.010469 
0.010534 
0.010625 
0.010723 
0.010837 
0.010928 
0.011034 
0.011099 
0.011192 
0.011274 
0.011345 
0.011403 
0.011460 
0.011508 
0.011587 
0.011683 
0.011751 
0.011851 
0.011980 
0.012076 
0.012207 
0.012315 
0.012403 
0.012505 
0.012607 
0.012706 
0.012829 
0.012941 
0.013058 
0.013161 
0.013304 
0.013469 
0.013606 
0.013745 
0.013897 
0.014062 
0.014192 
0.014326 
0.014448 
0.014571 
0.014687 
0.014795 
0.014904 
0.015007 
0.015089 
0.015213 
0.015330 
0.015395 
0.015474 
0.015553 
0.015643 
0.015764 
0.015870 
0.015998 
0.016100 
0.016169 
0.016238 
0.016273 
0.016299 
0.016314 
0.016334 
0.016365 
0.016400 
0.016423 
0.016443 
0.016460 
0.016492 
0.016516 
0.016526 
0.016520 
0.016520 
0.016513 
0.016496 
0.016481 
0.016460 
0.016435 
0.016406 
0.016394 
0.016378 
0.016365 
0.016340 
0.016333 
0.016345 
0.016367 
0.016371 
0.016378 
0.016361 
0.016343 
0.016318 
0.016290 
0.016263 
0.016233 
0.016206 
0.016176 
0.016147 
0.016118 
0.016088 
0.016058 
0.016030 
0.016000 
0.015972 
0.015945 
0.015918 
0.015897 
0.015886 
0.015869 
0.015841 
0.015814 
0.015787 
0.015761 
0.015733 
0.015706 
0.015679 
0.015653 
0.015626 
0.015599 
0.015574 
0.015549 
0.015522 
0.015496 
0.015470 
0.015450 
0.015424 
0.015398 
0.015381 
0.015362 
0.015348 
0.015324 
0.015302 
0.015281 
0.015271 
0.015264 
0.015257 
0.015249 
0.015243 
0.015235 
0.015237 
0.015236 
0.015234 
0.015240 
0.015234 
0.015235 
0.015247 
0.015284 
0.015307 
0.015299 
0.015289 
0.015282 
0.015268 
0.015259 
0.015247 
0.015250 
0.015254 
0.015255 
0.015251 
0.015252 
0.015257 
0.015261 
0.015266 
0.015254 
0.000000 
0.001601 
0.001310 
0.001174 
0.001096 
0.001533 
0.001769 
0.001866 
0.002169 
0.002065 
0.002088 
0.002306 
0.002426 
0.002574 
0.002642 
0.002768 
0.002800 
0.002802 
0.002857 
0.002825 
0.002825 
0.002762 
0.002706 
0.002654 
0.002609 
0.002583 
0.002561 
0.002535 
0.002496 
0.002475 
0.002437 
0.002399 
0.002363 
0.002328 
0.002297 
0.002285 
0.002255 
0.002232 
0.002251 
0.002296 
0.002387 
0.002384 
0.002558 
0.002629 
0.002875 
0.003228 
0.003560 
0.003805 
0.004074 
0.004062 
0.004053 
0.004266 
0.004423 
0.004542 
0.004813 
0.004923 
0.005134 
0.005192 
0.005290 
0.005428 
0.005555 
0.005716 
0.006046 
0.006185 
0.006443 
0.006712 
0.006955 
0.007172 
0.007296 
0.007453 
0.007531 
0.007646 
0.007869 
0.008018 
0.008037 
0.008163 
0.008322 
0.008412 
0.008511 
0.008507 
0.008474 
0.008433 
0.008386 
0.008341 
0.008296 
0.008271 
0.008228 
0.008181 
0.008141 
0.008101 
0.008056 
0.008015 
0.008000 
0.007998 
0.008021 
0.008030 
0.008059 
0.008078 
0.008046 
0.008045 
0.008027 
0.008009 
0.007976 
0.007938 
0.007901 
0.007865 
0.007828 
0.007794 
0.007762 
0.007728 
0.007704 
0.007670 
0.007657 
0.007626 
0.007595 
0.007563 
0.007531 
0.007502 
0.007474 
0.007443 
0.007413 
0.007386 
0.007356 
0.007327 
0.007298 
0.007269 
0.007244 
0.007234 
0.007223 
0.007212 
0.007212 
0.007199 
0.007172 
0.007166 
0.007166 
0.007171 
0.007207 
0.007216 
0.007227 
0.007234 
0.007282 
0.007330 
0.007347 
0.007383 
0.007442 
0.007514 
0.007546 
0.007695 
0.007803 
0.008010 
0.008161 
0.008243 
0.008302 
0.008376 
0.008482 
0.008627 
0.008750 
0.008851 
0.008952 
0.009103 
0.009255 
0.009345 
0.009469 
0.009539 
0.009667 
0.009817 
0.009972 
0.010104 
0.010219 
0.010345 
0.010428 
0.010468 
0.010507 
0.010556 
0.010579 
0.010611 
0.010657 
0.010747 
0.010832 
0.010931 
0.011034 
0.011073 
0.011112 
0.011175 
0.011255 
0.011310 
0.011371 
0.011456 
0.011560 
0.011690 
0.011837 
0.012012 
0.012235 
0.012420 
0.012547 
0.012662 
0.012792 
0.012908 
0.013013 
0.013115 
0.013215 
0.013337 
0.013476 
0.013613 
0.013759 
0.013878 
0.014002 
0.014120 
0.014241 
0.014387 
0.014492 
0.014616 
0.014689 
0.014799 
0.014901 
0.015000 
0.015062 
0.015135 
0.015219 
0.015312 
0.015360 
0.015418 
0.015472 
0.015522 
0.015592 
0.015645 
0.015709 
0.015764 
0.015838 
0.015901 
0.015914 
0.015955 
0.015978 
0.015993 
0.016001 
0.016019 
0.016027 
0.016039 
0.016059 
0.016063 
0.016073 
0.016095 
0.016119 
0.016130 
0.016135 
0.016142 
0.016163 
0.016155 
0.016152 
0.016148 
0.016137 
0.016124 
0.016122 
0.016143 
0.016170 
0.016195 
0.016201 
0.016174 
0.016156 
0.016153 
0.016150 
0.016150 
0.016129 
0.016111 
0.016095 
0.016071 
0.016047 
0.016029 
0.016004 
0.015986 
0.015972 
0.015962 
0.015947 
0.015927 
0.015905 
0.015876 
0.015852 
0.015829 
0.015802 
0.015774 
0.015746 
0.015719 
0.015693 
0.015666 
0.015643 
0.015616 
0.015590 
0.015567 
0.015542 
0.015515 
0.015489 
0.015465 
0.015438 
0.015412 
0.015387 
0.015365 
0.015340 
0.015320 
0.015299 
0.015287 
0.015275 
0.015262 
0.015248 
0.015226 
0.015203 
0.015199 
0.015193 
0.015187 
0.015182 
0.015183 
0.015175 
0.015168 
0.015166 
0.015179 
0.015187 
0.015195 
0.015190 
0.015183 
0.015171 
0.015161 
0.015146 
0.015127 
0.015130 
0.015136 
0.015153 
0.015170 
0.015187 
0.015212 
0.015223 
0.015232 
0.015236 
0.015235 
0.015239 
0.015244 
0.015235 
0.000000 
0.002235 
0.002832 
0.002512 
0.002617 
0.002479 
0.002338 
0.002243 
0.002163 
0.002053 
0.002011 
0.002114 
0.002085 
0.002398 
0.002350 
0.002442 
0.002530 
0.002596 
0.002563 
0.002498 
0.002459 
0.002426 
0.002397 
0.002376 
0.002348 
0.002391 
0.002500 
0.002522 
0.002506 
0.002510 
0.002493 
0.002513 
0.002546 
0.002567 
0.002565 
0.002539 
0.002527 
0.002592 
0.002674 
0.002725 
0.002766 
0.002760 
0.002927 
0.002987 
0.003135 
0.003309 
0.003561 
0.003808 
0.004054 
0.004262 
0.004487 
0.004469 
0.004491 
0.004569 
0.004731 
0.004985 
0.005277 
0.005447 
0.005741 
0.006071 
0.006424 
0.006760 
0.006948 
0.007133 
0.007295 
0.007487 
0.007688 
0.007905 
0.007970 
0.008186 
0.008377 
0.008543 
0.008689 
0.008843 
0.008970 
0.008995 
0.009300 
0.009663 
0.009967 
0.010113 
0.010114 
0.010111 
0.010090 
0.010063 
0.010017 
0.009959 
0.009905 
0.009869 
0.009880 
0.009922 
0.009936 
0.009943 
0.009904 
0.009853 
0.009803 
0.009752 
0.009703 
0.009655 
0.009606 
0.009565 
0.009529 
0.009490 
0.009447 
0.009411 
0.009388 
0.009368 
0.009330 
0.009308 
0.009283 
0.009260 
0.009240 
0.009226 
0.009195 
0.009178 
0.009188 
0.009234 
0.009247 
0.009243 
0.009204 
0.009166 
0.009131 
0.009098 
0.009077 
0.009062 
0.009088 
0.009088 
0.009085 
0.009110 
0.009153 
0.009152 
0.009135 
0.009103 
0.009078 
0.009048 
0.009015 
0.008983 
0.008950 
0.008918 
0.008899 
0.008877 
0.008866 
0.008848 
0.008821 
0.008795 
0.008783 
0.008772 
0.008771 
0.008775 
0.008762 
0.008740 
0.008732 
0.008731 
0.008811 
0.008886 
0.008881 
0.008890 
0.008938 
0.008996 
0.009059 
0.009102 
0.009147 
0.009215 
0.009338 
0.009410 
0.009497 
0.009595 
0.009687 
0.009778 
0.009841 
0.009891 
0.009929 
0.009946 
0.009962 
0.009983 
0.009999 
0.010025 
0.010065 
0.010114 
0.010147 
0.010202 
0.010222 
0.010261 
0.010298 
0.010321 
0.010326 
0.010319 
0.010334 
0.010349 
0.010411 
0.010486 
0.010554 
0.010623 
0.010714 
0.010811 
0.010878 
0.010951 
0.011011 
0.011062 
0.011100 
0.011132 
0.011205 
0.011289 
0.011424 
0.011561 
0.011710 
0.011857 
0.012013 
0.012146 
0.012283 
0.012390 
0.012503 
0.012625 
0.012735 
0.012801 
0.012880 
0.012932 
0.012993 
0.013085 
0.013182 
0.013268 
0.013367 
0.013439 
0.013510 
0.013659 
0.013804 
0.013876 
0.013929 
0.014027 
0.014096 
0.014172 
0.014212 
0.014242 
0.014288 
0.014309 
0.014325 
0.014334 
0.014338 
0.014356 
0.014369 
0.014375 
0.014375 
0.014394 
0.014408 
0.014429 
0.014441 
0.014460 
0.014495 
0.014513 
0.014530 
0.014533 
0.014526 
0.014518 
0.014510 
0.014505 
0.014534 
0.014563 
0.014593 
0.014649 
0.014656 
0.014670 
0.014693 
0.014712 
0.014726 
0.014746 
0.014755 
0.014759 
0.014737 
0.014713 
0.014690 
0.014671 
0.014657 
0.014636 
0.014619 
0.014596 
0.014569 
0.014543 
0.014517 
0.014492 
0.014466 
0.014440 
0.014415 
0.014391 
0.014368 
0.014347 
0.014322 
0.014297 
0.014273 
0.014254 
0.014233 
0.014212 
0.014188 
0.014165 
0.014142 
0.014119 
0.014097 
0.014077 
0.014055 
0.014035 
0.014014 
0.013993 
0.013974 
0.013955 
0.013938 
0.013915 
0.013899 
0.013904 
0.013910 
0.013920 
0.013930 
0.013942 
0.013939 
0.013937 
0.013926 
0.013911 
0.013906 
0.013899 
0.013897 
0.013900 
0.013907 
0.013912 
0.013924 
0.013945 
0.013947 
0.013941 
0.013930 
0.013920 
0.013922 
0.013935 
0.013942 
0.013928 
0.013920 
0.013910 
0.013901 
0.013890 
0.013883 
