0.000000 
0.001414 
0.002375 
0.002060 
0.002056 
0.001877 
0.001841 
0.001722 
0.001643 
0.001565 
0.001544 
0.001801 
0.001850 
0.002088 
0.002283 
0.002488 
0.002625 
0.002618 
0.002603 
0.002559 
0.002622 
0.002589 
0.002612 
0.002585 
0.002555 
0.002554 
0.002615 
0.002650 
0.002631 
0.002613 
0.002607 
0.002723 
0.002930 
0.003098 
0.003160 
0.003167 
0.003227 
0.003261 
0.003259 
0.003265 
0.003271 
0.003304 
0.003372 
0.003374 
0.003510 
0.003612 
0.003701 
0.003830 
0.003941 
0.003961 
0.004175 
0.004537 
0.004803 
0.004984 
0.005131 
0.005311 
0.005483 
0.005735 
0.006032 
0.006192 
0.006373 
0.006646 
0.006799 
0.006954 
0.007199 
0.007391 
0.007594 
0.007798 
0.007861 
0.007948 
0.008092 
0.008303 
0.008392 
0.008426 
0.008454 
0.008513 
0.008709 
0.008932 
0.009040 
0.009078 
0.009088 
0.009046 
0.009006 
0.008977 
0.008951 
0.008932 
0.008914 
0.008904 
0.008883 
0.008865 
0.008850 
0.008803 
0.008764 
0.008735 
0.008704 
0.008669 
0.008640 
0.008603 
0.008563 
0.008520 
0.008478 
0.008439 
0.008400 
0.008359 
0.008321 
0.008283 
0.008245 
0.008209 
0.008172 
0.008135 
0.008098 
0.008062 
0.008027 
0.007992 
0.007957 
0.007923 
0.007889 
0.007855 
0.007826 
0.007799 
0.007775 
0.007768 
0.007741 
0.007712 
0.007683 
0.007653 
0.007624 
0.007594 
0.007567 
0.007539 
0.007513 
0.007496 
0.007468 
0.007441 
0.007413 
0.007396 
0.007371 
0.007348 
0.007354 
0.007357 
0.007393 
0.007426 
0.007548 
0.007608 
0.007672 
0.007713 
0.007807 
0.007831 
0.007909 
0.007975 
0.008026 
0.008099 
0.008277 
0.008399 
0.008519 
0.008633 
0.008765 
0.008887 
0.009018 
0.009181 
0.009340 
0.009494 
0.009679 
0.009822 
0.009919 
0.009985 
0.010095 
0.010220 
0.010334 
0.010441 
0.010495 
0.010557 
0.010627 
0.010684 
0.010744 
0.010806 
0.010929 
0.011053 
0.011176 
0.011287 
0.011382 
0.011480 
0.011566 
0.011647 
0.011716 
0.011768 
0.011802 
0.011861 
0.011915 
0.011980 
0.012077 
0.012168 
0.012260 
0.012361 
0.012453 
0.012544 
0.012663 
0.012804 
0.012943 
0.013013 
0.013115 
0.013249 
0.013349 
0.013488 
0.013657 
0.013806 
0.013950 
0.014110 
0.014265 
0.014434 
0.014588 
0.014733 
0.014882 
0.015026 
0.015193 
0.015378 
0.015489 
0.015613 
0.015719 
0.015813 
0.015904 
0.016019 
0.016121 
0.016233 
0.016325 
0.016395 
0.016534 
0.016667 
0.016761 
0.016863 
0.016923 
0.016962 
0.016992 
0.017018 
0.017041 
0.017062 
0.017094 
0.017117 
0.017132 
0.017146 
0.017157 
0.017166 
0.017179 
0.017180 
0.017172 
0.017167 
0.017157 
0.017142 
0.017132 
0.017111 
0.017088 
0.017061 
0.017054 
0.017035 
0.017018 
0.017014 
0.017024 
0.017056 
0.017088 
0.017093 
0.017076 
0.017064 
0.017047 
0.017037 
0.017023 
0.017000 
0.016978 
0.016951 
0.016928 
0.016903 
0.016876 
0.016850 
0.016823 
0.016794 
0.016764 
0.016740 
0.016712 
0.016683 
0.016653 
0.016623 
0.016594 
0.016565 
0.016537 
0.016508 
0.016480 
0.016452 
0.016429 
0.016401 
0.016372 
0.016344 
0.016316 
0.016288 
0.016261 
0.016234 
0.016211 
0.016184 
0.016164 
0.016146 
0.016122 
0.016110 
0.016088 
0.016086 
0.016073 
0.016059 
0.016057 
0.016057 
0.016065 
0.016076 
0.016090 
0.016109 
0.016129 
0.016145 
0.016155 
0.016166 
0.016180 
0.016186 
0.016191 
0.016194 
0.016193 
0.016187 
0.016185 
0.016181 
0.016175 
0.016168 
0.016163 
0.016158 
0.016155 
0.016169 
0.016174 
0.016181 
0.016197 
0.016206 
0.016221 
0.016243 
0.016256 
0.000000 
0.001414 
0.002375 
0.002060 
0.002056 
0.001877 
0.001841 
0.001722 
0.001643 
0.001565 
0.001544 
0.001801 
0.001850 
0.002088 
0.002283 
0.002488 
0.002625 
0.002618 
0.002603 
0.002559 
0.002622 
0.002589 
0.002612 
0.002585 
0.002555 
0.002554 
0.002615 
0.002650 
0.002631 
0.002613 
0.002607 
0.002723 
0.002930 
0.003098 
0.003160 
0.003167 
0.003227 
0.003261 
0.003259 
0.003265 
0.003271 
0.003304 
0.003372 
0.003374 
0.003510 
0.003612 
0.003701 
0.003830 
0.003941 
0.003961 
0.004175 
0.004537 
0.004803 
0.004984 
0.005131 
0.005311 
0.005483 
0.005735 
0.006032 
0.006192 
0.006373 
0.006646 
0.006799 
0.006954 
0.007199 
0.007391 
0.007594 
0.007798 
0.007861 
0.007948 
0.008092 
0.008303 
0.008392 
0.008426 
0.008454 
0.008513 
0.008709 
0.008932 
0.009040 
0.009078 
0.009088 
0.009046 
0.009006 
0.008977 
0.008951 
0.008932 
0.008914 
0.008904 
0.008883 
0.008865 
0.008850 
0.008803 
0.008764 
0.008735 
0.008704 
0.008669 
0.008640 
0.008603 
0.008563 
0.008520 
0.008478 
0.008439 
0.008400 
0.008359 
0.008321 
0.008283 
0.008245 
0.008209 
0.008172 
0.008135 
0.008098 
0.008062 
0.008027 
0.007992 
0.007957 
0.007923 
0.007889 
0.007855 
0.007826 
0.007799 
0.007775 
0.007768 
0.007741 
0.007712 
0.007683 
0.007653 
0.007624 
0.007594 
0.007567 
0.007539 
0.007513 
0.007496 
0.007468 
0.007441 
0.007413 
0.007396 
0.007371 
0.007348 
0.007354 
0.007357 
0.007393 
0.007426 
0.007548 
0.007608 
0.007672 
0.007713 
0.007807 
0.007831 
0.007909 
0.007975 
0.008026 
0.008099 
0.008277 
0.008399 
0.008519 
0.008633 
0.008765 
0.008887 
0.009018 
0.009181 
0.009340 
0.009494 
0.009679 
0.009822 
0.009919 
0.009985 
0.010095 
0.010220 
0.010334 
0.010441 
0.010495 
0.010557 
0.010627 
0.010684 
0.010744 
0.010806 
0.010929 
0.011053 
0.011176 
0.011287 
0.011382 
0.011480 
0.011566 
0.011647 
0.011716 
0.011768 
0.011802 
0.011861 
0.011915 
0.011980 
0.012077 
0.012168 
0.012260 
0.012361 
0.012453 
0.012544 
0.012663 
0.012804 
0.012943 
0.013013 
0.013115 
0.013249 
0.013349 
0.013488 
0.013657 
0.013806 
0.013950 
0.014110 
0.014265 
0.014434 
0.014588 
0.014733 
0.014882 
0.015026 
0.015193 
0.015378 
0.015489 
0.015613 
0.015719 
0.015813 
0.015904 
0.016019 
0.016121 
0.016233 
0.016325 
0.016395 
0.016534 
0.016667 
0.016761 
0.016863 
0.016923 
0.016962 
0.016992 
0.017018 
0.017041 
0.017062 
0.017094 
0.017117 
0.017132 
0.017146 
0.017157 
0.017166 
0.017179 
0.017180 
0.017172 
0.017167 
0.017157 
0.017142 
0.017132 
0.017111 
0.017088 
0.017061 
0.017054 
0.017035 
0.017018 
0.017014 
0.017024 
0.017056 
0.017088 
0.017093 
0.017076 
0.017064 
0.017047 
0.017037 
0.017023 
0.017000 
0.016978 
0.016951 
0.016928 
0.016903 
0.016876 
0.016850 
0.016823 
0.016794 
0.016764 
0.016740 
0.016712 
0.016683 
0.016653 
0.016623 
0.016594 
0.016565 
0.016537 
0.016508 
0.016480 
0.016452 
0.016429 
0.016401 
0.016372 
0.016344 
0.016316 
0.016288 
0.016261 
0.016234 
0.016211 
0.016184 
0.016164 
0.016146 
0.016122 
0.016110 
0.016088 
0.016086 
0.016073 
0.016059 
0.016057 
0.016057 
0.016065 
0.016076 
0.016090 
0.016109 
0.016129 
0.016145 
0.016155 
0.016166 
0.016180 
0.016186 
0.016191 
0.016194 
0.016193 
0.016187 
0.016185 
0.016181 
0.016175 
0.016168 
0.016163 
0.016158 
0.016155 
0.016169 
0.016174 
0.016181 
0.016197 
0.016206 
0.016221 
0.016243 
0.016256 
0.000000 
0.001414 
0.002375 
0.002060 
0.002056 
0.001877 
0.001841 
0.001722 
0.001643 
0.001565 
0.001544 
0.001801 
0.001850 
0.002088 
0.002283 
0.002488 
0.002625 
0.002618 
0.002603 
0.002559 
0.002622 
0.002589 
0.002612 
0.002585 
0.002555 
0.002554 
0.002615 
0.002650 
0.002631 
0.002613 
0.002607 
0.002723 
0.002930 
0.003098 
0.003160 
0.003167 
0.003227 
0.003261 
0.003259 
0.003265 
0.003271 
0.003304 
0.003372 
0.003374 
0.003510 
0.003612 
0.003701 
0.003830 
0.003941 
0.003961 
0.004175 
0.004537 
0.004803 
0.004984 
0.005131 
0.005311 
0.005483 
0.005735 
0.006032 
0.006192 
0.006373 
0.006646 
0.006799 
0.006954 
0.007199 
0.007391 
0.007594 
0.007798 
0.007861 
0.007948 
0.008092 
0.008303 
0.008392 
0.008426 
0.008454 
0.008513 
0.008709 
0.008932 
0.009040 
0.009078 
0.009088 
0.009046 
0.009006 
0.008977 
0.008951 
0.008932 
0.008914 
0.008904 
0.008883 
0.008865 
0.008850 
0.008803 
0.008764 
0.008735 
0.008704 
0.008669 
0.008640 
0.008603 
0.008563 
0.008520 
0.008478 
0.008439 
0.008400 
0.008359 
0.008321 
0.008283 
0.008245 
0.008209 
0.008172 
0.008135 
0.008098 
0.008062 
0.008027 
0.007992 
0.007957 
0.007923 
0.007889 
0.007855 
0.007826 
0.007799 
0.007775 
0.007768 
0.007741 
0.007712 
0.007683 
0.007653 
0.007624 
0.007594 
0.007567 
0.007539 
0.007513 
0.007496 
0.007468 
0.007441 
0.007413 
0.007396 
0.007371 
0.007348 
0.007354 
0.007357 
0.007393 
0.007426 
0.007548 
0.007608 
0.007672 
0.007713 
0.007807 
0.007831 
0.007909 
0.007975 
0.008026 
0.008099 
0.008277 
0.008399 
0.008519 
0.008633 
0.008765 
0.008887 
0.009018 
0.009181 
0.009340 
0.009494 
0.009679 
0.009822 
0.009919 
0.009985 
0.010095 
0.010220 
0.010334 
0.010441 
0.010495 
0.010557 
0.010627 
0.010684 
0.010744 
0.010806 
0.010929 
0.011053 
0.011176 
0.011287 
0.011382 
0.011480 
0.011566 
0.011647 
0.011716 
0.011768 
0.011802 
0.011861 
0.011915 
0.011980 
0.012077 
0.012168 
0.012260 
0.012361 
0.012453 
0.012544 
0.012663 
0.012804 
0.012943 
0.013013 
0.013115 
0.013249 
0.013349 
0.013488 
0.013657 
0.013806 
0.013950 
0.014110 
0.014265 
0.014434 
0.014588 
0.014733 
0.014882 
0.015026 
0.015193 
0.015378 
0.015489 
0.015613 
0.015719 
0.015813 
0.015904 
0.016019 
0.016121 
0.016233 
0.016325 
0.016395 
0.016534 
0.016667 
0.016761 
0.016863 
0.016923 
0.016962 
0.016992 
0.017018 
0.017041 
0.017062 
0.017094 
0.017117 
0.017132 
0.017146 
0.017157 
0.017166 
0.017179 
0.017180 
0.017172 
0.017167 
0.017157 
0.017142 
0.017132 
0.017111 
0.017088 
0.017061 
0.017054 
0.017035 
0.017018 
0.017014 
0.017024 
0.017056 
0.017088 
0.017093 
0.017076 
0.017064 
0.017047 
0.017037 
0.017023 
0.017000 
0.016978 
0.016951 
0.016928 
0.016903 
0.016876 
0.016850 
0.016823 
0.016794 
0.016764 
0.016740 
0.016712 
0.016683 
0.016653 
0.016623 
0.016594 
0.016565 
0.016537 
0.016508 
0.016480 
0.016452 
0.016429 
0.016401 
0.016372 
0.016344 
0.016316 
0.016288 
0.016261 
0.016234 
0.016211 
0.016184 
0.016164 
0.016146 
0.016122 
0.016110 
0.016088 
0.016086 
0.016073 
0.016059 
0.016057 
0.016057 
0.016065 
0.016076 
0.016090 
0.016109 
0.016129 
0.016145 
0.016155 
0.016166 
0.016180 
0.016186 
0.016191 
0.016194 
0.016193 
0.016187 
0.016185 
0.016181 
0.016175 
0.016168 
0.016163 
0.016158 
0.016155 
0.016169 
0.016174 
0.016181 
0.016197 
0.016206 
0.016221 
0.016243 
0.016256 
