0.000000 
0.002480 
0.002873 
0.002950 
0.002674 
0.002705 
0.002700 
0.002557 
0.004084 
0.005297 
0.005482 
0.005254 
0.005238 
0.005068 
0.005035 
0.004875 
0.005154 
0.005163 
0.005134 
0.005037 
0.005010 
0.005034 
0.005215 
0.005215 
0.005119 
0.005034 
0.004941 
0.004857 
0.004784 
0.004704 
0.004629 
0.004562 
0.004540 
0.004482 
0.004466 
0.004481 
0.004568 
0.004569 
0.004587 
0.004704 
0.005048 
0.004995 
0.004939 
0.005082 
0.005030 
0.005048 
0.005061 
0.005102 
0.005081 
0.005036 
0.005022 
0.005050 
0.005129 
0.005117 
0.005098 
0.005229 
0.005352 
0.005423 
0.005439 
0.005552 
0.005507 
0.005485 
0.005443 
0.005408 
0.005557 
0.005568 
0.005553 
0.005622 
0.005610 
0.005596 
0.005559 
0.005530 
0.005683 
0.005679 
0.005752 
0.005751 
0.005765 
0.005788 
0.005924 
0.006563 
0.006548 
0.006509 
0.006521 
0.006516 
0.006482 
0.006478 
0.006495 
0.006503 
0.006713 
0.006990 
0.007234 
0.007485 
0.007774 
0.008197 
0.008934 
0.009230 
0.009596 
0.009746 
0.009761 
0.009782 
0.009976 
0.010106 
0.010103 
0.010063 
0.010041 
0.010032 
0.010012 
0.010149 
0.010307 
0.010410 
0.010412 
0.010474 
0.010481 
0.010527 
0.010605 
0.010640 
0.010644 
0.010605 
0.010590 
0.010695 
0.010799 
0.010857 
0.010928 
0.011073 
0.011131 
0.011257 
0.011464 
0.011757 
0.012135 
0.012275 
0.012564 
0.012738 
0.012743 
0.012883 
0.013071 
0.013317 
0.013486 
0.013788 
0.014055 
0.014486 
0.015079 
0.015258 
0.015526 
0.015758 
0.015928 
0.016012 
0.016143 
0.016291 
0.016448 
0.016541 
0.017053 
0.017490 
0.017953 
0.018156 
0.018360 
0.018624 
0.018853 
0.019014 
0.019230 
0.019496 
0.019791 
0.020076 
0.020274 
0.020468 
0.020655 
0.020821 
0.021122 
0.021386 
0.021692 
0.022000 
0.022150 
0.022337 
0.022536 
0.022686 
0.022832 
0.023050 
0.023282 
0.023465 
0.023686 
0.023926 
0.024052 
0.024198 
0.024357 
0.024530 
0.024748 
0.024922 
0.025152 
0.025379 
0.025614 
0.025742 
0.025893 
0.026049 
0.026190 
0.026349 
0.026366 
0.026479 
0.026639 
0.026824 
0.026983 
0.027126 
0.027256 
0.027449 
0.027585 
0.027788 
0.027922 
0.028093 
0.028254 
0.028379 
0.028480 
0.028628 
0.028775 
0.028821 
0.028843 
0.028899 
0.028964 
0.029005 
0.029072 
0.029075 
0.029121 
0.029220 
0.029282 
0.029281 
0.029330 
0.029385 
0.029384 
0.029369 
0.029391 
0.029538 
0.029553 
0.029509 
0.029458 
0.029422 
0.029405 
0.029366 
0.029312 
0.029254 
0.029228 
0.029197 
0.029144 
0.029105 
0.029070 
0.029029 
0.028969 
0.028917 
0.028864 
0.028812 
0.028755 
0.028697 
0.028661 
0.028613 
0.028586 
0.028542 
0.028487 
0.028431 
0.028375 
0.028338 
0.028294 
0.028257 
0.028233 
0.028234 
0.028199 
0.028166 
0.028189 
0.028168 
0.028116 
0.028066 
0.028020 
0.027968 
0.027921 
0.027876 
0.027843 
0.027812 
0.027765 
0.027733 
0.027718 
0.027688 
0.027685 
0.027654 
0.027617 
0.027582 
0.027534 
0.027502 
0.027462 
0.027428 
0.027403 
0.027378 
0.027340 
0.027292 
0.027250 
0.027207 
0.027160 
0.027114 
0.027071 
0.027034 
0.026992 
0.026947 
0.026914 
0.026871 
0.026830 
0.026791 
0.026757 
0.026713 
0.026671 
0.026644 
0.026608 
0.026569 
0.026535 
0.026515 
0.026498 
0.026488 
0.026450 
0.026462 
0.026458 
0.026473 
0.026468 
0.026428 
0.026415 
0.026411 
0.026396 
0.026375 
0.026343 
0.026317 
0.026315 
0.026299 
0.026279 
0.026240 
0.026200 
0.026160 
0.026126 
0.026110 
0.026082 
0.026064 
0.026047 
0.026024 
0.025996 
0.000000 
0.000695 
0.000665 
0.001530 
0.003254 
0.003377 
0.003207 
0.003030 
0.003033 
0.002951 
0.003578 
0.004015 
0.004031 
0.003884 
0.003814 
0.003811 
0.004103 
0.004716 
0.004799 
0.004788 
0.004698 
0.004671 
0.004640 
0.004854 
0.004962 
0.005354 
0.005423 
0.005354 
0.005264 
0.005234 
0.005268 
0.005365 
0.005369 
0.005394 
0.005336 
0.005333 
0.005290 
0.005319 
0.005261 
0.005207 
0.005367 
0.005508 
0.005474 
0.005667 
0.005802 
0.005831 
0.005959 
0.006099 
0.006485 
0.006583 
0.006611 
0.006639 
0.006643 
0.006743 
0.006760 
0.006929 
0.007340 
0.007401 
0.007557 
0.007521 
0.007671 
0.008006 
0.008143 
0.008217 
0.008377 
0.008361 
0.008401 
0.008538 
0.008626 
0.008736 
0.008799 
0.008805 
0.008755 
0.008704 
0.008768 
0.008817 
0.009030 
0.009841 
0.010041 
0.009993 
0.009974 
0.009989 
0.009990 
0.010003 
0.009949 
0.009901 
0.009917 
0.009871 
0.009835 
0.009793 
0.009742 
0.009710 
0.009691 
0.009652 
0.009643 
0.009643 
0.009593 
0.009547 
0.009500 
0.009463 
0.009416 
0.009370 
0.009365 
0.009336 
0.009296 
0.009258 
0.009221 
0.009178 
0.009148 
0.009111 
0.009094 
0.009105 
0.009066 
0.009035 
0.009000 
0.008967 
0.008982 
0.008979 
0.008953 
0.008916 
0.008916 
0.008886 
0.008852 
0.008864 
0.008849 
0.008814 
0.008780 
0.008896 
0.008864 
0.008835 
0.008810 
0.008786 
0.008754 
0.008726 
0.008724 
0.008725 
0.008693 
0.008695 
0.008774 
0.008836 
0.008926 
0.009105 
0.009295 
0.009278 
0.009341 
0.009403 
0.009527 
0.009605 
0.009729 
0.009828 
0.009978 
0.010154 
0.010477 
0.010754 
0.010852 
0.010973 
0.010999 
0.010965 
0.010935 
0.010983 
0.011010 
0.011084 
0.011108 
0.011145 
0.011119 
0.011158 
0.011229 
0.011343 
0.011456 
0.011500 
0.011552 
0.011608 
0.011604 
0.011655 
0.011714 
0.011764 
0.011868 
0.011969 
0.012033 
0.012086 
0.012168 
0.012208 
0.012266 
0.012378 
0.012490 
0.012644 
0.012806 
0.012845 
0.012918 
0.012971 
0.012999 
0.013061 
0.013150 
0.013237 
0.013428 
0.013528 
0.013605 
0.013719 
0.013816 
0.013910 
0.014005 
0.014111 
0.014143 
0.014153 
0.014187 
0.014246 
0.014279 
0.014351 
0.014497 
0.014676 
0.014792 
0.014899 
0.014996 
0.015054 
0.015173 
0.015186 
0.015280 
0.015380 
0.015457 
0.015516 
0.015529 
0.015530 
0.015540 
0.015554 
0.015603 
0.015666 
0.015824 
0.015840 
0.015942 
0.016032 
0.016091 
0.016106 
0.016163 
0.016160 
0.016155 
0.016202 
0.016249 
0.016333 
0.016344 
0.016352 
0.016345 
0.016340 
0.016373 
0.016415 
0.016458 
0.016521 
0.016507 
0.016476 
0.016449 
0.016417 
0.016386 
0.016354 
0.016370 
0.016338 
0.016307 
0.016289 
0.016278 
0.016262 
0.016242 
0.016216 
0.016227 
0.016199 
0.016183 
0.016153 
0.016126 
0.016099 
0.016078 
0.016077 
0.016047 
0.016017 
0.015991 
0.015964 
0.015936 
0.015908 
0.015888 
0.015859 
0.015832 
0.015806 
0.015778 
0.015765 
0.015756 
0.015729 
0.015737 
0.015722 
0.015769 
0.015742 
0.015720 
0.015708 
0.015694 
0.015668 
0.015648 
0.015626 
0.015603 
0.015607 
0.015590 
0.015583 
0.015569 
0.015550 
0.015526 
0.015504 
0.015495 
0.015469 
0.015498 
0.015476 
0.015514 
0.015524 
0.015514 
0.015496 
0.015483 
0.015458 
0.015433 
0.015409 
0.015391 
0.015371 
0.015351 
0.015327 
0.015304 
0.015279 
0.015259 
0.015237 
0.015215 
0.015197 
0.015175 
0.015152 
0.015131 
0.015113 
0.015090 
0.015067 
0.015044 
0.015034 
0.015013 
0.014996 
0.014975 
0.014953 
0.014939 
0.000000 
0.002480 
0.002873 
0.002950 
0.002674 
0.002705 
0.002700 
0.002557 
0.004084 
0.005297 
0.005482 
0.005254 
0.005238 
0.005068 
0.005035 
0.004875 
0.005154 
0.005163 
0.005134 
0.005037 
0.005010 
0.005034 
0.005215 
0.005215 
0.005119 
0.005034 
0.004941 
0.004857 
0.004784 
0.004704 
0.004629 
0.004562 
0.004540 
0.004482 
0.004466 
0.004481 
0.004568 
0.004569 
0.004587 
0.004704 
0.005048 
0.004995 
0.004939 
0.005082 
0.005030 
0.005048 
0.005061 
0.005102 
0.005081 
0.005036 
0.005022 
0.005050 
0.005129 
0.005117 
0.005098 
0.005229 
0.005352 
0.005423 
0.005439 
0.005552 
0.005507 
0.005485 
0.005443 
0.005408 
0.005557 
0.005568 
0.005553 
0.005622 
0.005610 
0.005596 
0.005559 
0.005530 
0.005683 
0.005679 
0.005752 
0.005751 
0.005765 
0.005788 
0.005924 
0.006563 
0.006548 
0.006509 
0.006521 
0.006516 
0.006482 
0.006478 
0.006495 
0.006503 
0.006713 
0.006990 
0.007234 
0.007485 
0.007774 
0.008197 
0.008934 
0.009230 
0.009596 
0.009746 
0.009761 
0.009782 
0.009976 
0.010106 
0.010103 
0.010063 
0.010041 
0.010032 
0.010012 
0.010149 
0.010307 
0.010410 
0.010412 
0.010474 
0.010481 
0.010527 
0.010605 
0.010640 
0.010644 
0.010605 
0.010590 
0.010695 
0.010799 
0.010857 
0.010928 
0.011073 
0.011131 
0.011257 
0.011464 
0.011757 
0.012135 
0.012275 
0.012564 
0.012738 
0.012743 
0.012883 
0.013071 
0.013317 
0.013486 
0.013788 
0.014055 
0.014486 
0.015079 
0.015258 
0.015526 
0.015758 
0.015928 
0.016012 
0.016143 
0.016291 
0.016448 
0.016541 
0.017053 
0.017490 
0.017953 
0.018156 
0.018360 
0.018624 
0.018853 
0.019014 
0.019230 
0.019496 
0.019791 
0.020076 
0.020274 
0.020468 
0.020655 
0.020821 
0.021122 
0.021386 
0.021692 
0.022000 
0.022150 
0.022337 
0.022536 
0.022686 
0.022832 
0.023050 
0.023282 
0.023465 
0.023686 
0.023926 
0.024052 
0.024198 
0.024357 
0.024530 
0.024748 
0.024922 
0.025152 
0.025379 
0.025614 
0.025742 
0.025893 
0.026049 
0.026190 
0.026349 
0.026366 
0.026479 
0.026639 
0.026824 
0.026983 
0.027126 
0.027256 
0.027449 
0.027585 
0.027788 
0.027922 
0.028093 
0.028254 
0.028379 
0.028480 
0.028628 
0.028775 
0.028821 
0.028843 
0.028899 
0.028964 
0.029005 
0.029072 
0.029075 
0.029121 
0.029220 
0.029282 
0.029281 
0.029330 
0.029385 
0.029384 
0.029369 
0.029391 
0.029538 
0.029553 
0.029509 
0.029458 
0.029422 
0.029405 
0.029366 
0.029312 
0.029254 
0.029228 
0.029197 
0.029144 
0.029105 
0.029070 
0.029029 
0.028969 
0.028917 
0.028864 
0.028812 
0.028755 
0.028697 
0.028661 
0.028613 
0.028586 
0.028542 
0.028487 
0.028431 
0.028375 
0.028338 
0.028294 
0.028257 
0.028233 
0.028228 
0.028188 
0.028151 
0.028122 
0.028069 
0.028016 
0.027967 
0.027916 
0.027866 
0.027815 
0.027765 
0.027726 
0.027702 
0.027655 
0.027620 
0.027596 
0.027590 
0.027564 
0.027555 
0.027527 
0.027500 
0.027452 
0.027431 
0.027394 
0.027366 
0.027342 
0.027306 
0.027271 
0.027226 
0.027179 
0.027134 
0.027089 
0.027050 
0.027007 
0.026978 
0.026951 
0.026921 
0.026887 
0.026842 
0.026805 
0.026762 
0.026728 
0.026685 
0.026641 
0.026597 
0.026553 
0.026520 
0.026476 
0.026436 
0.026395 
0.026354 
0.026313 
0.026282 
0.026245 
0.026217 
0.026177 
0.026142 
0.026104 
0.026066 
0.026025 
0.025984 
0.025944 
0.025908 
0.025868 
0.025829 
0.025789 
0.025750 
0.025715 
0.025684 
0.025648 
0.025610 
0.025574 
0.025540 
0.025504 
0.025468 
0.025431 
