0.000000 
0.000965 
0.000968 
0.000838 
0.000914 
0.000856 
0.000809 
0.000868 
0.000819 
0.000799 
0.000803 
0.001702 
0.002016 
0.002507 
0.002727 
0.002718 
0.002640 
0.002620 
0.002552 
0.002937 
0.003030 
0.003679 
0.004258 
0.004472 
0.004652 
0.004782 
0.004996 
0.005092 
0.005146 
0.005213 
0.005317 
0.005351 
0.005377 
0.005447 
0.005472 
0.005488 
0.005501 
0.005553 
0.005612 
0.005699 
0.006016 
0.006012 
0.005963 
0.005962 
0.005991 
0.006031 
0.006040 
0.006018 
0.005992 
0.005968 
0.005928 
0.005945 
0.005959 
0.005940 
0.005933 
0.005916 
0.005935 
0.005892 
0.005846 
0.005799 
0.005771 
0.005725 
0.005693 
0.005675 
0.005738 
0.005747 
0.005712 
0.005771 
0.005818 
0.005779 
0.005741 
0.005703 
0.005667 
0.005633 
0.005617 
0.005587 
0.005555 
0.005600 
0.005568 
0.005539 
0.005509 
0.005476 
0.005450 
0.005431 
0.005479 
0.005545 
0.005605 
0.005674 
0.005656 
0.005634 
0.005627 
0.005598 
0.005569 
0.005663 
0.005753 
0.005811 
0.006057 
0.006317 
0.006339 
0.006409 
0.006479 
0.006501 
0.006470 
0.006444 
0.006427 
0.006403 
0.006377 
0.006491 
0.006564 
0.006634 
0.006643 
0.006622 
0.006600 
0.006573 
0.006559 
0.006565 
0.006549 
0.006521 
0.006496 
0.006471 
0.006446 
0.006419 
0.006393 
0.006387 
0.006387 
0.006377 
0.006387 
0.006372 
0.006348 
0.006323 
0.006386 
0.006585 
0.006622 
0.006708 
0.006708 
0.006721 
0.006789 
0.006798 
0.006805 
0.006867 
0.006978 
0.006976 
0.007013 
0.007031 
0.007009 
0.006985 
0.006970 
0.006950 
0.006956 
0.006968 
0.007064 
0.007180 
0.007304 
0.007425 
0.007473 
0.007543 
0.007590 
0.007629 
0.007697 
0.007773 
0.007855 
0.007936 
0.008018 
0.008090 
0.008146 
0.008156 
0.008209 
0.008258 
0.008360 
0.008471 
0.008535 
0.008625 
0.008708 
0.008768 
0.008827 
0.008885 
0.008952 
0.008997 
0.009063 
0.009124 
0.009163 
0.009232 
0.009289 
0.009339 
0.009400 
0.009444 
0.009500 
0.009557 
0.009617 
0.009653 
0.009697 
0.009736 
0.009755 
0.009775 
0.009762 
0.009790 
0.009823 
0.009854 
0.009886 
0.009902 
0.009918 
0.009943 
0.009971 
0.009993 
0.010015 
0.010017 
0.010015 
0.010015 
0.009999 
0.010001 
0.010007 
0.009991 
0.009973 
0.009959 
0.009945 
0.009928 
0.009912 
0.009896 
0.009889 
0.009879 
0.009874 
0.009854 
0.009833 
0.009813 
0.009792 
0.009772 
0.009750 
0.009730 
0.009710 
0.009695 
0.009674 
0.009653 
0.009634 
0.009614 
0.009594 
0.009574 
0.009558 
0.009539 
0.009519 
0.009500 
0.009480 
0.009462 
0.009448 
0.009432 
0.009414 
0.009400 
0.009381 
0.009363 
0.009344 
0.009325 
0.009307 
0.009290 
0.009273 
0.009255 
0.009237 
0.009221 
0.009203 
0.009192 
0.009175 
0.009162 
0.009147 
0.009138 
0.009121 
0.009107 
0.009090 
0.009074 
0.009064 
0.009049 
0.009032 
0.009016 
0.009002 
0.008987 
0.008971 
0.008958 
0.008960 
0.008953 
0.008942 
0.008928 
0.008920 
0.008944 
0.008928 
0.008920 
0.008924 
0.008921 
0.008918 
0.008929 
0.008942 
0.008930 
0.008920 
0.008912 
0.008908 
0.008909 
0.008905 
0.008903 
0.008914 
0.008939 
0.008962 
0.008974 
0.008985 
0.008998 
0.009011 
0.009045 
0.009064 
0.009081 
0.009120 
0.009156 
0.009193 
0.009220 
0.009245 
0.009263 
0.009278 
0.009288 
0.009303 
0.009326 
0.009357 
0.009380 
0.009394 
0.009398 
0.009407 
0.009408 
0.009424 
0.009457 
0.009479 
0.009499 
0.009521 
0.009545 
0.009569 
0.009591 
0.009594 
0.009617 
0.009632 
0.009642 
0.009662 
0.009682 
0.009703 
0.000000 
0.000882 
0.000933 
0.001215 
0.001570 
0.001891 
0.002056 
0.002067 
0.002066 
0.001982 
0.001896 
0.001872 
0.001799 
0.001747 
0.001967 
0.002069 
0.002055 
0.002010 
0.001966 
0.001990 
0.002038 
0.002023 
0.002019 
0.001979 
0.001940 
0.001905 
0.001903 
0.001961 
0.002346 
0.002348 
0.002323 
0.002289 
0.002260 
0.002316 
0.002338 
0.002321 
0.002295 
0.002280 
0.002291 
0.002357 
0.002335 
0.002312 
0.002338 
0.002352 
0.002329 
0.002371 
0.002386 
0.002400 
0.002387 
0.002363 
0.002343 
0.002339 
0.002317 
0.002307 
0.002299 
0.002279 
0.002308 
0.002316 
0.002322 
0.002309 
0.002290 
0.002389 
0.002390 
0.002395 
0.002505 
0.002519 
0.002602 
0.002817 
0.002900 
0.002888 
0.002867 
0.002852 
0.003092 
0.003107 
0.003088 
0.003073 
0.003087 
0.003068 
0.003128 
0.003110 
0.003092 
0.003074 
0.003057 
0.003040 
0.003040 
0.003029 
0.003028 
0.003038 
0.003039 
0.003023 
0.003008 
0.002993 
0.002997 
0.002981 
0.002966 
0.002957 
0.002952 
0.002950 
0.002948 
0.002953 
0.002951 
0.002940 
0.002967 
0.002958 
0.002945 
0.002932 
0.002922 
0.002912 
0.002901 
0.002890 
0.002878 
0.002930 
0.002919 
0.002919 
0.002907 
0.002897 
0.002922 
0.002935 
0.002941 
0.002961 
0.002953 
0.002946 
0.002937 
0.002926 
0.002937 
0.002929 
0.002920 
0.002909 
0.002898 
0.002887 
0.002877 
0.002893 
0.002897 
0.002912 
0.002910 
0.002907 
0.002897 
0.002893 
0.003005 
0.003199 
0.003426 
0.003584 
0.003668 
0.003657 
0.003663 
0.003716 
0.003760 
0.003786 
0.003867 
0.003905 
0.003981 
0.004062 
0.004205 
0.004254 
0.004321 
0.004396 
0.004425 
0.004429 
0.004425 
0.004447 
0.004437 
0.004505 
0.004541 
0.004585 
0.004585 
0.004611 
0.004639 
0.004660 
0.004672 
0.004677 
0.004692 
0.004723 
0.004757 
0.004792 
0.004824 
0.004842 
0.004868 
0.004895 
0.004912 
0.004933 
0.004971 
0.005004 
0.005035 
0.005063 
0.005102 
0.005187 
0.005278 
0.005307 
0.005342 
0.005362 
0.005385 
0.005416 
0.005447 
0.005479 
0.005536 
0.005571 
0.005575 
0.005589 
0.005601 
0.005605 
0.005602 
0.005599 
0.005588 
0.005582 
0.005579 
0.005574 
0.005569 
0.005558 
0.005548 
0.005544 
0.005545 
0.005550 
0.005540 
0.005532 
0.005525 
0.005518 
0.005513 
0.005502 
0.005492 
0.005485 
0.005475 
0.005467 
0.005458 
0.005447 
0.005435 
0.005423 
0.005412 
0.005402 
0.005391 
0.005383 
0.005372 
0.005362 
0.005351 
0.005340 
0.005330 
0.005318 
0.005313 
0.005307 
0.005298 
0.005287 
0.005277 
0.005266 
0.005270 
0.005260 
0.005250 
0.005252 
0.005244 
0.005236 
0.005228 
0.005217 
0.005207 
0.005197 
0.005199 
0.005191 
0.005181 
0.005187 
0.005187 
0.005183 
0.005192 
0.005185 
0.005185 
0.005176 
0.005177 
0.005168 
0.005159 
0.005163 
0.005154 
0.005145 
0.005206 
0.005198 
0.005199 
0.005199 
0.005206 
0.005216 
0.005219 
0.005214 
0.005214 
0.005215 
0.005212 
0.005220 
0.005226 
0.005240 
0.005248 
0.005251 
0.005310 
0.005334 
0.005347 
0.005378 
0.005377 
0.005381 
0.005409 
0.005423 
0.005436 
0.005444 
0.005466 
0.005480 
0.005497 
0.005514 
0.005533 
0.005543 
0.005553 
0.005567 
0.005575 
0.005575 
0.005572 
0.005564 
0.005559 
0.005558 
0.005560 
0.005557 
0.005552 
0.005548 
0.005540 
0.005537 
0.005530 
0.005531 
0.005535 
0.005530 
0.005526 
0.005525 
0.005529 
0.005542 
0.005544 
0.005541 
0.005535 
0.005538 
0.005534 
0.005526 
0.005525 
0.005529 
0.005521 
0.005517 
0.005515 
0.005512 
0.005509 
0.000000 
0.000965 
0.000968 
0.000838 
0.000914 
0.000856 
0.000809 
0.000868 
0.000819 
0.000799 
0.000803 
0.001702 
0.002016 
0.002507 
0.002727 
0.002718 
0.002640 
0.002620 
0.002552 
0.002937 
0.003030 
0.003679 
0.004258 
0.004472 
0.004652 
0.004782 
0.004996 
0.005092 
0.005146 
0.005213 
0.005317 
0.005351 
0.005377 
0.005447 
0.005472 
0.005488 
0.005501 
0.005553 
0.005612 
0.005699 
0.006016 
0.006012 
0.005963 
0.005962 
0.005991 
0.006031 
0.006040 
0.006018 
0.005992 
0.005968 
0.005928 
0.005945 
0.005959 
0.005940 
0.005933 
0.005916 
0.005935 
0.005892 
0.005846 
0.005799 
0.005771 
0.005725 
0.005693 
0.005675 
0.005738 
0.005747 
0.005712 
0.005771 
0.005818 
0.005779 
0.005741 
0.005703 
0.005667 
0.005633 
0.005617 
0.005587 
0.005555 
0.005600 
0.005568 
0.005539 
0.005509 
0.005476 
0.005450 
0.005431 
0.005479 
0.005545 
0.005605 
0.005674 
0.005656 
0.005634 
0.005627 
0.005598 
0.005569 
0.005663 
0.005753 
0.005811 
0.006057 
0.006317 
0.006339 
0.006409 
0.006479 
0.006501 
0.006470 
0.006444 
0.006427 
0.006403 
0.006377 
0.006491 
0.006564 
0.006634 
0.006643 
0.006622 
0.006600 
0.006573 
0.006559 
0.006565 
0.006549 
0.006521 
0.006496 
0.006471 
0.006446 
0.006419 
0.006393 
0.006387 
0.006387 
0.006377 
0.006387 
0.006372 
0.006348 
0.006323 
0.006386 
0.006585 
0.006622 
0.006708 
0.006708 
0.006721 
0.006789 
0.006798 
0.006805 
0.006867 
0.006978 
0.006976 
0.007013 
0.007031 
0.007009 
0.006985 
0.006970 
0.006950 
0.006956 
0.006968 
0.007064 
0.007180 
0.007304 
0.007425 
0.007473 
0.007543 
0.007590 
0.007629 
0.007697 
0.007773 
0.007855 
0.007936 
0.008018 
0.008090 
0.008146 
0.008156 
0.008209 
0.008258 
0.008360 
0.008471 
0.008535 
0.008625 
0.008708 
0.008768 
0.008827 
0.008885 
0.008952 
0.008997 
0.009063 
0.009124 
0.009163 
0.009232 
0.009289 
0.009339 
0.009400 
0.009444 
0.009500 
0.009557 
0.009617 
0.009653 
0.009697 
0.009736 
0.009755 
0.009775 
0.009762 
0.009790 
0.009823 
0.009854 
0.009886 
0.009902 
0.009918 
0.009943 
0.009971 
0.009993 
0.010015 
0.010017 
0.010015 
0.010015 
0.009999 
0.010001 
0.010007 
0.009991 
0.009973 
0.009959 
0.009945 
0.009928 
0.009912 
0.009896 
0.009889 
0.009879 
0.009874 
0.009854 
0.009833 
0.009813 
0.009792 
0.009772 
0.009750 
0.009730 
0.009710 
0.009695 
0.009674 
0.009653 
0.009634 
0.009614 
0.009594 
0.009574 
0.009558 
0.009539 
0.009519 
0.009500 
0.009480 
0.009462 
0.009448 
0.009432 
0.009414 
0.009400 
0.009381 
0.009363 
0.009344 
0.009325 
0.009307 
0.009290 
0.009273 
0.009255 
0.009237 
0.009221 
0.009203 
0.009192 
0.009175 
0.009160 
0.009148 
0.009138 
0.009121 
0.009104 
0.009087 
0.009070 
0.009053 
0.009037 
0.009021 
0.009005 
0.008989 
0.008974 
0.008959 
0.008945 
0.008951 
0.008975 
0.008962 
0.008949 
0.008939 
0.008930 
0.008917 
0.008907 
0.008909 
0.008913 
0.008922 
0.008953 
0.008995 
0.009002 
0.009015 
0.009032 
0.009040 
0.009056 
0.009076 
0.009106 
0.009125 
0.009173 
0.009225 
0.009256 
0.009317 
0.009358 
0.009429 
0.009490 
0.009551 
0.009597 
0.009648 
0.009717 
0.009754 
0.009788 
0.009819 
0.009851 
0.009910 
0.009946 
0.009989 
0.010012 
0.010047 
0.010099 
0.010148 
0.010166 
0.010184 
0.010203 
0.010243 
0.010310 
0.010379 
0.010431 
0.010488 
0.010536 
0.010571 
0.010592 
0.010628 
0.010675 
0.010704 
0.010738 
0.010775 
0.010806 
0.010851 
