0.000000 
0.002251 
0.002024 
0.001776 
0.001753 
0.001642 
0.001520 
0.001423 
0.001346 
0.001301 
0.001245 
0.001369 
0.001328 
0.001440 
0.001438 
0.001913 
0.002351 
0.002379 
0.002459 
0.002540 
0.002513 
0.002484 
0.002453 
0.002546 
0.002618 
0.002568 
0.002585 
0.002539 
0.002530 
0.002489 
0.002454 
0.002443 
0.002466 
0.002516 
0.002543 
0.002568 
0.002533 
0.002531 
0.002563 
0.002537 
0.002545 
0.002549 
0.002564 
0.002577 
0.002566 
0.002543 
0.002551 
0.002526 
0.002541 
0.002530 
0.002567 
0.002894 
0.003457 
0.003571 
0.003599 
0.003693 
0.003847 
0.004047 
0.004173 
0.004456 
0.004764 
0.004928 
0.005183 
0.005345 
0.005474 
0.005687 
0.005826 
0.006038 
0.006109 
0.006163 
0.006210 
0.006307 
0.006455 
0.006613 
0.006613 
0.006686 
0.006650 
0.006608 
0.006588 
0.006643 
0.006610 
0.006571 
0.006535 
0.006703 
0.006793 
0.006852 
0.006908 
0.006935 
0.007039 
0.007107 
0.007145 
0.007374 
0.007717 
0.008084 
0.008579 
0.008579 
0.008580 
0.008697 
0.008840 
0.009033 
0.009196 
0.009311 
0.009419 
0.009475 
0.009529 
0.009600 
0.009653 
0.009702 
0.009729 
0.009786 
0.009860 
0.009899 
0.010003 
0.010127 
0.010169 
0.010263 
0.010305 
0.010339 
0.010342 
0.010401 
0.010442 
0.010501 
0.010602 
0.010744 
0.010844 
0.010959 
0.011009 
0.011035 
0.011120 
0.011174 
0.011326 
0.011329 
0.011373 
0.011412 
0.011481 
0.011515 
0.011622 
0.011745 
0.011848 
0.011988 
0.012129 
0.012277 
0.012476 
0.012649 
0.012815 
0.012986 
0.013081 
0.013236 
0.013369 
0.013509 
0.013622 
0.013786 
0.013995 
0.014102 
0.014271 
0.014445 
0.014608 
0.014802 
0.014976 
0.015161 
0.015328 
0.015536 
0.015704 
0.015842 
0.015988 
0.016110 
0.016270 
0.016423 
0.016567 
0.016681 
0.016806 
0.016886 
0.016959 
0.017033 
0.017115 
0.017217 
0.017338 
0.017482 
0.017619 
0.017724 
0.017842 
0.017965 
0.018082 
0.018196 
0.018304 
0.018404 
0.018479 
0.018572 
0.018673 
0.018766 
0.018864 
0.018984 
0.019119 
0.019256 
0.019408 
0.019545 
0.019681 
0.019838 
0.019977 
0.020131 
0.020325 
0.020507 
0.020705 
0.020944 
0.021151 
0.021320 
0.021495 
0.021680 
0.021834 
0.022034 
0.022197 
0.022342 
0.022502 
0.022636 
0.022777 
0.022912 
0.023006 
0.023103 
0.023214 
0.023307 
0.023362 
0.023489 
0.023576 
0.023669 
0.023763 
0.023869 
0.023977 
0.024045 
0.024087 
0.024130 
0.024181 
0.024185 
0.024194 
0.024199 
0.024198 
0.024196 
0.024186 
0.024180 
0.024160 
0.024130 
0.024111 
0.024103 
0.024089 
0.024066 
0.024036 
0.024011 
0.023988 
0.023959 
0.023920 
0.023887 
0.023852 
0.023813 
0.023773 
0.023746 
0.023724 
0.023702 
0.023679 
0.023651 
0.023623 
0.023579 
0.023543 
0.023502 
0.023460 
0.023424 
0.023380 
0.023337 
0.023294 
0.023250 
0.023215 
0.023173 
0.023133 
0.023093 
0.023052 
0.023010 
0.022970 
0.022939 
0.022897 
0.022856 
0.022815 
0.022776 
0.022738 
0.022700 
0.022662 
0.022623 
0.022584 
0.022545 
0.022507 
0.022469 
0.022431 
0.022394 
0.022361 
0.022324 
0.022288 
0.022251 
0.022214 
0.022176 
0.022139 
0.022103 
0.022070 
0.022034 
0.022000 
0.021969 
0.021933 
0.021897 
0.021871 
0.021855 
0.021846 
0.021846 
0.021828 
0.021809 
0.021783 
0.021760 
0.021733 
0.021706 
0.021692 
0.021671 
0.021654 
0.021638 
0.021623 
0.021606 
0.021578 
0.021547 
0.021516 
0.021486 
0.021458 
0.021445 
0.021434 
0.021419 
0.021401 
0.021382 
0.021364 
0.021353 
0.021332 
0.021309 
0.021284 
0.000000 
0.002412 
0.001989 
0.002424 
0.002217 
0.002052 
0.002061 
0.002102 
0.002564 
0.003007 
0.002927 
0.002819 
0.002842 
0.002746 
0.002671 
0.002728 
0.002676 
0.002685 
0.002670 
0.002603 
0.002597 
0.002537 
0.002481 
0.002695 
0.002699 
0.002667 
0.002721 
0.002764 
0.002741 
0.002695 
0.002653 
0.002612 
0.002666 
0.002721 
0.002719 
0.002732 
0.002700 
0.002715 
0.002694 
0.002683 
0.002650 
0.002621 
0.002645 
0.002674 
0.002645 
0.002616 
0.002594 
0.002591 
0.002618 
0.002599 
0.002582 
0.002595 
0.002764 
0.003040 
0.003298 
0.003557 
0.003810 
0.003994 
0.004131 
0.004405 
0.004542 
0.004755 
0.005178 
0.005250 
0.005558 
0.005878 
0.006175 
0.006381 
0.006529 
0.006614 
0.006743 
0.007078 
0.007075 
0.007052 
0.007007 
0.007003 
0.007039 
0.007057 
0.007087 
0.007089 
0.007045 
0.007006 
0.006994 
0.006977 
0.006951 
0.006962 
0.006989 
0.006956 
0.006926 
0.006890 
0.006857 
0.006827 
0.006836 
0.006889 
0.006997 
0.007040 
0.007138 
0.007220 
0.007256 
0.007374 
0.007431 
0.007488 
0.007530 
0.007580 
0.007578 
0.007565 
0.007568 
0.007615 
0.007686 
0.007737 
0.007803 
0.007844 
0.007923 
0.007994 
0.008015 
0.008000 
0.007972 
0.007951 
0.007930 
0.007913 
0.007919 
0.007894 
0.007884 
0.007891 
0.007898 
0.007899 
0.007889 
0.007902 
0.007911 
0.007898 
0.007951 
0.007969 
0.007954 
0.007992 
0.008107 
0.008221 
0.008344 
0.008398 
0.008455 
0.008513 
0.008652 
0.008815 
0.008808 
0.008972 
0.009097 
0.009324 
0.009437 
0.009660 
0.009864 
0.010064 
0.010261 
0.010392 
0.010546 
0.010709 
0.010839 
0.010993 
0.011101 
0.011325 
0.011493 
0.011609 
0.011746 
0.011893 
0.012035 
0.012140 
0.012248 
0.012349 
0.012511 
0.012667 
0.012845 
0.012962 
0.013087 
0.013221 
0.013366 
0.013506 
0.013637 
0.013779 
0.013909 
0.014043 
0.014130 
0.014231 
0.014377 
0.014512 
0.014621 
0.014751 
0.014878 
0.014973 
0.015079 
0.015204 
0.015376 
0.015469 
0.015589 
0.015713 
0.015805 
0.015952 
0.016110 
0.016271 
0.016431 
0.016562 
0.016692 
0.016807 
0.016929 
0.017044 
0.017137 
0.017241 
0.017294 
0.017394 
0.017481 
0.017607 
0.017731 
0.017878 
0.018026 
0.018185 
0.018319 
0.018407 
0.018459 
0.018519 
0.018587 
0.018696 
0.018768 
0.018824 
0.018863 
0.018904 
0.018952 
0.019017 
0.019066 
0.019104 
0.019169 
0.019196 
0.019222 
0.019261 
0.019280 
0.019291 
0.019312 
0.019305 
0.019306 
0.019309 
0.019314 
0.019314 
0.019318 
0.019317 
0.019322 
0.019342 
0.019358 
0.019370 
0.019380 
0.019361 
0.019356 
0.019349 
0.019335 
0.019348 
0.019348 
0.019329 
0.019303 
0.019292 
0.019324 
0.019325 
0.019358 
0.019369 
0.019370 
0.019366 
0.019386 
0.019387 
0.019371 
0.019356 
0.019343 
0.019334 
0.019319 
0.019319 
0.019297 
0.019276 
0.019262 
0.019251 
0.019232 
0.019206 
0.019180 
0.019149 
0.019123 
0.019095 
0.019063 
0.019029 
0.018998 
0.018967 
0.018935 
0.018903 
0.018870 
0.018839 
0.018806 
0.018774 
0.018744 
0.018724 
0.018693 
0.018666 
0.018635 
0.018606 
0.018582 
0.018586 
0.018575 
0.018555 
0.018544 
0.018530 
0.018526 
0.018526 
0.018522 
0.018498 
0.018479 
0.018462 
0.018446 
0.018439 
0.018426 
0.018416 
0.018409 
0.018407 
0.018408 
0.018431 
0.018452 
0.018448 
0.018443 
0.018436 
0.018425 
0.018413 
0.018398 
0.018381 
0.018361 
0.018341 
0.018331 
0.018334 
0.018359 
0.018378 
0.018382 
0.018386 
0.018396 
0.018419 
0.018449 
0.018479 
0.018482 
0.000000 
0.002251 
0.002024 
0.001776 
0.001753 
0.001642 
0.001520 
0.001423 
0.001346 
0.001301 
0.001245 
0.001369 
0.001328 
0.001440 
0.001438 
0.001913 
0.002351 
0.002379 
0.002459 
0.002540 
0.002513 
0.002484 
0.002453 
0.002546 
0.002618 
0.002568 
0.002585 
0.002539 
0.002530 
0.002489 
0.002454 
0.002443 
0.002466 
0.002516 
0.002543 
0.002568 
0.002533 
0.002531 
0.002563 
0.002537 
0.002545 
0.002549 
0.002564 
0.002577 
0.002566 
0.002543 
0.002551 
0.002526 
0.002541 
0.002530 
0.002567 
0.002894 
0.003457 
0.003571 
0.003599 
0.003693 
0.003847 
0.004047 
0.004173 
0.004456 
0.004764 
0.004928 
0.005183 
0.005345 
0.005474 
0.005687 
0.005826 
0.006038 
0.006109 
0.006163 
0.006210 
0.006307 
0.006455 
0.006613 
0.006613 
0.006686 
0.006650 
0.006608 
0.006588 
0.006643 
0.006610 
0.006571 
0.006535 
0.006703 
0.006793 
0.006852 
0.006908 
0.006935 
0.007039 
0.007107 
0.007145 
0.007374 
0.007717 
0.008084 
0.008579 
0.008579 
0.008580 
0.008697 
0.008840 
0.009033 
0.009196 
0.009311 
0.009419 
0.009475 
0.009529 
0.009600 
0.009653 
0.009702 
0.009729 
0.009786 
0.009860 
0.009899 
0.010003 
0.010127 
0.010169 
0.010263 
0.010305 
0.010339 
0.010342 
0.010401 
0.010442 
0.010501 
0.010602 
0.010744 
0.010844 
0.010959 
0.011009 
0.011035 
0.011120 
0.011174 
0.011326 
0.011329 
0.011373 
0.011412 
0.011481 
0.011515 
0.011622 
0.011745 
0.011848 
0.011988 
0.012129 
0.012277 
0.012476 
0.012649 
0.012815 
0.012986 
0.013081 
0.013236 
0.013369 
0.013509 
0.013622 
0.013786 
0.013995 
0.014102 
0.014271 
0.014445 
0.014608 
0.014802 
0.014976 
0.015161 
0.015328 
0.015536 
0.015704 
0.015842 
0.015988 
0.016110 
0.016270 
0.016423 
0.016567 
0.016681 
0.016806 
0.016886 
0.016959 
0.017033 
0.017115 
0.017217 
0.017338 
0.017482 
0.017619 
0.017724 
0.017842 
0.017965 
0.018082 
0.018196 
0.018304 
0.018404 
0.018479 
0.018572 
0.018673 
0.018766 
0.018864 
0.018984 
0.019119 
0.019256 
0.019408 
0.019545 
0.019681 
0.019838 
0.019977 
0.020131 
0.020325 
0.020507 
0.020705 
0.020944 
0.021151 
0.021320 
0.021495 
0.021680 
0.021834 
0.022034 
0.022197 
0.022342 
0.022502 
0.022636 
0.022777 
0.022912 
0.023006 
0.023103 
0.023214 
0.023307 
0.023362 
0.023489 
0.023576 
0.023669 
0.023763 
0.023869 
0.023977 
0.024045 
0.024087 
0.024130 
0.024181 
0.024185 
0.024194 
0.024199 
0.024198 
0.024196 
0.024186 
0.024180 
0.024160 
0.024130 
0.024111 
0.024103 
0.024089 
0.024066 
0.024036 
0.024011 
0.023988 
0.023959 
0.023920 
0.023887 
0.023852 
0.023813 
0.023773 
0.023746 
0.023724 
0.023702 
0.023679 
0.023651 
0.023623 
0.023579 
0.023543 
0.023502 
0.023460 
0.023424 
0.023380 
0.023337 
0.023294 
0.023250 
0.023215 
0.023173 
0.023133 
0.023093 
0.023052 
0.023010 
0.022970 
0.022939 
0.022897 
0.022856 
0.022815 
0.022776 
0.022738 
0.022700 
0.022662 
0.022623 
0.022584 
0.022545 
0.022507 
0.022469 
0.022431 
0.022394 
0.022361 
0.022324 
0.022288 
0.022251 
0.022214 
0.022176 
0.022139 
0.022103 
0.022070 
0.022034 
0.022000 
0.021969 
0.021933 
0.021897 
0.021871 
0.021855 
0.021846 
0.021846 
0.021828 
0.021809 
0.021783 
0.021760 
0.021733 
0.021706 
0.021692 
0.021671 
0.021654 
0.021638 
0.021623 
0.021606 
0.021578 
0.021547 
0.021516 
0.021486 
0.021458 
0.021445 
0.021434 
0.021419 
0.021401 
0.021382 
0.021364 
0.021353 
0.021332 
0.021309 
0.021284 
