0.000000 
0.000927 
0.001431 
0.001422 
0.001366 
0.001267 
0.001229 
0.001169 
0.001140 
0.001218 
0.001267 
0.001281 
0.001319 
0.001369 
0.001328 
0.001658 
0.001889 
0.002213 
0.002571 
0.002921 
0.003004 
0.003115 
0.003278 
0.003290 
0.003298 
0.003283 
0.003334 
0.003553 
0.003881 
0.004164 
0.004403 
0.004501 
0.004508 
0.004559 
0.004636 
0.004690 
0.004725 
0.004738 
0.004802 
0.004835 
0.004843 
0.004826 
0.004812 
0.004801 
0.004800 
0.004857 
0.004842 
0.004816 
0.004841 
0.004865 
0.004860 
0.004956 
0.005088 
0.005155 
0.005157 
0.005155 
0.005148 
0.005139 
0.005177 
0.005194 
0.005175 
0.005180 
0.005185 
0.005181 
0.005186 
0.005192 
0.005166 
0.005196 
0.005190 
0.005193 
0.005162 
0.005129 
0.005209 
0.005277 
0.005314 
0.005307 
0.005289 
0.005269 
0.005258 
0.005233 
0.005201 
0.005170 
0.005139 
0.005109 
0.005080 
0.005051 
0.005032 
0.005004 
0.004977 
0.004949 
0.004941 
0.004936 
0.004926 
0.004905 
0.004880 
0.004855 
0.004832 
0.004808 
0.004788 
0.004765 
0.004743 
0.004722 
0.004704 
0.004701 
0.004701 
0.004694 
0.004701 
0.004704 
0.004702 
0.004696 
0.004688 
0.004680 
0.004663 
0.004668 
0.004674 
0.004664 
0.004685 
0.004676 
0.004658 
0.004639 
0.004620 
0.004609 
0.004621 
0.004642 
0.004664 
0.004676 
0.004679 
0.004672 
0.004678 
0.004665 
0.004652 
0.004648 
0.004637 
0.004620 
0.004619 
0.004605 
0.004590 
0.004576 
0.004563 
0.004547 
0.004548 
0.004556 
0.004544 
0.004529 
0.004513 
0.004527 
0.004514 
0.004543 
0.004609 
0.004665 
0.004745 
0.004775 
0.004843 
0.004903 
0.004947 
0.004970 
0.005014 
0.005106 
0.005192 
0.005286 
0.005396 
0.005506 
0.005581 
0.005648 
0.005741 
0.005890 
0.006004 
0.006139 
0.006263 
0.006367 
0.006421 
0.006473 
0.006519 
0.006552 
0.006594 
0.006649 
0.006722 
0.006806 
0.006899 
0.006999 
0.007071 
0.007139 
0.007197 
0.007259 
0.007315 
0.007400 
0.007435 
0.007475 
0.007515 
0.007544 
0.007585 
0.007616 
0.007662 
0.007725 
0.007772 
0.007851 
0.007896 
0.007928 
0.007969 
0.008021 
0.008045 
0.008076 
0.008130 
0.008174 
0.008211 
0.008238 
0.008260 
0.008292 
0.008310 
0.008340 
0.008376 
0.008413 
0.008428 
0.008432 
0.008428 
0.008429 
0.008433 
0.008441 
0.008450 
0.008443 
0.008438 
0.008437 
0.008425 
0.008412 
0.008396 
0.008379 
0.008363 
0.008346 
0.008330 
0.008316 
0.008303 
0.008285 
0.008267 
0.008249 
0.008232 
0.008215 
0.008201 
0.008186 
0.008172 
0.008156 
0.008139 
0.008123 
0.008106 
0.008093 
0.008076 
0.008061 
0.008050 
0.008043 
0.008035 
0.008019 
0.008004 
0.007989 
0.007973 
0.007964 
0.007967 
0.007988 
0.007990 
0.007996 
0.008009 
0.008011 
0.008002 
0.007998 
0.008004 
0.008001 
0.008004 
0.008009 
0.008015 
0.008008 
0.008000 
0.007991 
0.007978 
0.007963 
0.007955 
0.007952 
0.007938 
0.007926 
0.007912 
0.007897 
0.007884 
0.007872 
0.007858 
0.007845 
0.007837 
0.007824 
0.007819 
0.007816 
0.007811 
0.007805 
0.007822 
0.007829 
0.007828 
0.007826 
0.007820 
0.007822 
0.007833 
0.007848 
0.007862 
0.007880 
0.007898 
0.007909 
0.007924 
0.007936 
0.007948 
0.007958 
0.007964 
0.007971 
0.007977 
0.007976 
0.007973 
0.007971 
0.007975 
0.007977 
0.007984 
0.007987 
0.007994 
0.008012 
0.008030 
0.008036 
0.008041 
0.008047 
0.008058 
0.008072 
0.008086 
0.008102 
0.008116 
0.008119 
0.008125 
0.008133 
0.008146 
0.008161 
0.008175 
0.008189 
0.008196 
0.008213 
0.008230 
0.000000 
0.000927 
0.001431 
0.001422 
0.001366 
0.001267 
0.001229 
0.001169 
0.001140 
0.001218 
0.001267 
0.001281 
0.001319 
0.001369 
0.001328 
0.001658 
0.001889 
0.002213 
0.002571 
0.002921 
0.003004 
0.003115 
0.003278 
0.003290 
0.003298 
0.003283 
0.003334 
0.003553 
0.003881 
0.004164 
0.004403 
0.004501 
0.004508 
0.004559 
0.004636 
0.004690 
0.004725 
0.004738 
0.004802 
0.004835 
0.004843 
0.004826 
0.004812 
0.004801 
0.004800 
0.004857 
0.004842 
0.004816 
0.004841 
0.004865 
0.004860 
0.004956 
0.005088 
0.005155 
0.005157 
0.005155 
0.005148 
0.005139 
0.005177 
0.005194 
0.005175 
0.005180 
0.005185 
0.005181 
0.005186 
0.005192 
0.005166 
0.005196 
0.005190 
0.005193 
0.005162 
0.005129 
0.005209 
0.005277 
0.005314 
0.005307 
0.005289 
0.005269 
0.005258 
0.005233 
0.005201 
0.005170 
0.005139 
0.005109 
0.005080 
0.005051 
0.005032 
0.005004 
0.004977 
0.004949 
0.004941 
0.004936 
0.004926 
0.004905 
0.004880 
0.004855 
0.004832 
0.004808 
0.004788 
0.004765 
0.004743 
0.004722 
0.004704 
0.004701 
0.004701 
0.004694 
0.004701 
0.004704 
0.004702 
0.004696 
0.004688 
0.004680 
0.004663 
0.004668 
0.004674 
0.004664 
0.004685 
0.004676 
0.004658 
0.004639 
0.004620 
0.004609 
0.004621 
0.004642 
0.004664 
0.004676 
0.004679 
0.004672 
0.004678 
0.004665 
0.004652 
0.004648 
0.004637 
0.004620 
0.004619 
0.004605 
0.004590 
0.004576 
0.004563 
0.004547 
0.004548 
0.004556 
0.004544 
0.004529 
0.004513 
0.004527 
0.004514 
0.004543 
0.004609 
0.004665 
0.004745 
0.004775 
0.004843 
0.004903 
0.004947 
0.004970 
0.005014 
0.005106 
0.005192 
0.005286 
0.005396 
0.005506 
0.005581 
0.005648 
0.005741 
0.005890 
0.006004 
0.006139 
0.006263 
0.006367 
0.006421 
0.006473 
0.006519 
0.006552 
0.006594 
0.006649 
0.006722 
0.006806 
0.006899 
0.006999 
0.007071 
0.007139 
0.007197 
0.007259 
0.007315 
0.007400 
0.007435 
0.007475 
0.007515 
0.007544 
0.007585 
0.007616 
0.007662 
0.007725 
0.007772 
0.007851 
0.007896 
0.007928 
0.007969 
0.008021 
0.008045 
0.008076 
0.008130 
0.008174 
0.008211 
0.008238 
0.008260 
0.008292 
0.008310 
0.008340 
0.008376 
0.008413 
0.008428 
0.008432 
0.008428 
0.008429 
0.008433 
0.008441 
0.008450 
0.008443 
0.008438 
0.008437 
0.008425 
0.008412 
0.008396 
0.008379 
0.008363 
0.008346 
0.008330 
0.008316 
0.008303 
0.008285 
0.008267 
0.008249 
0.008232 
0.008215 
0.008201 
0.008186 
0.008172 
0.008156 
0.008139 
0.008123 
0.008106 
0.008093 
0.008076 
0.008061 
0.008050 
0.008043 
0.008035 
0.008019 
0.008004 
0.007989 
0.007973 
0.007964 
0.007967 
0.007988 
0.007990 
0.007996 
0.008009 
0.008011 
0.008002 
0.007998 
0.008004 
0.008001 
0.008004 
0.008009 
0.008015 
0.008008 
0.008000 
0.007991 
0.007978 
0.007963 
0.007955 
0.007952 
0.007938 
0.007926 
0.007912 
0.007897 
0.007884 
0.007872 
0.007858 
0.007845 
0.007837 
0.007824 
0.007819 
0.007816 
0.007811 
0.007805 
0.007822 
0.007829 
0.007828 
0.007826 
0.007820 
0.007822 
0.007833 
0.007848 
0.007862 
0.007880 
0.007898 
0.007909 
0.007924 
0.007936 
0.007948 
0.007958 
0.007964 
0.007971 
0.007977 
0.007976 
0.007973 
0.007971 
0.007975 
0.007977 
0.007984 
0.007987 
0.007994 
0.008012 
0.008030 
0.008036 
0.008041 
0.008047 
0.008058 
0.008072 
0.008086 
0.008102 
0.008116 
0.008119 
0.008125 
0.008133 
0.008146 
0.008161 
0.008175 
0.008189 
0.008196 
0.008213 
0.008230 
0.000000 
0.000927 
0.001431 
0.001422 
0.001366 
0.001267 
0.001229 
0.001169 
0.001140 
0.001218 
0.001267 
0.001281 
0.001319 
0.001369 
0.001328 
0.001658 
0.001889 
0.002213 
0.002571 
0.002921 
0.003004 
0.003115 
0.003278 
0.003290 
0.003298 
0.003283 
0.003334 
0.003553 
0.003881 
0.004164 
0.004403 
0.004501 
0.004508 
0.004559 
0.004636 
0.004690 
0.004725 
0.004738 
0.004802 
0.004835 
0.004843 
0.004826 
0.004812 
0.004801 
0.004800 
0.004857 
0.004842 
0.004816 
0.004841 
0.004865 
0.004860 
0.004956 
0.005088 
0.005155 
0.005157 
0.005155 
0.005148 
0.005139 
0.005177 
0.005194 
0.005175 
0.005180 
0.005185 
0.005181 
0.005186 
0.005192 
0.005166 
0.005196 
0.005190 
0.005193 
0.005162 
0.005129 
0.005209 
0.005277 
0.005314 
0.005307 
0.005289 
0.005269 
0.005258 
0.005233 
0.005201 
0.005170 
0.005139 
0.005109 
0.005080 
0.005051 
0.005032 
0.005004 
0.004977 
0.004949 
0.004941 
0.004936 
0.004926 
0.004905 
0.004880 
0.004855 
0.004832 
0.004808 
0.004788 
0.004765 
0.004743 
0.004722 
0.004704 
0.004701 
0.004701 
0.004694 
0.004701 
0.004704 
0.004702 
0.004696 
0.004688 
0.004680 
0.004663 
0.004668 
0.004674 
0.004664 
0.004685 
0.004676 
0.004658 
0.004639 
0.004620 
0.004609 
0.004621 
0.004642 
0.004664 
0.004676 
0.004679 
0.004672 
0.004678 
0.004665 
0.004652 
0.004648 
0.004637 
0.004620 
0.004619 
0.004605 
0.004590 
0.004576 
0.004563 
0.004547 
0.004548 
0.004556 
0.004544 
0.004529 
0.004513 
0.004527 
0.004514 
0.004543 
0.004609 
0.004665 
0.004745 
0.004775 
0.004843 
0.004903 
0.004947 
0.004970 
0.005014 
0.005106 
0.005192 
0.005286 
0.005396 
0.005506 
0.005581 
0.005648 
0.005741 
0.005890 
0.006004 
0.006139 
0.006263 
0.006367 
0.006421 
0.006473 
0.006519 
0.006552 
0.006594 
0.006649 
0.006722 
0.006806 
0.006899 
0.006999 
0.007071 
0.007139 
0.007197 
0.007259 
0.007315 
0.007400 
0.007435 
0.007475 
0.007515 
0.007544 
0.007585 
0.007616 
0.007662 
0.007725 
0.007772 
0.007851 
0.007896 
0.007928 
0.007969 
0.008021 
0.008045 
0.008076 
0.008130 
0.008174 
0.008211 
0.008238 
0.008260 
0.008292 
0.008310 
0.008340 
0.008376 
0.008413 
0.008428 
0.008432 
0.008428 
0.008429 
0.008433 
0.008441 
0.008450 
0.008443 
0.008438 
0.008437 
0.008425 
0.008412 
0.008396 
0.008379 
0.008363 
0.008346 
0.008330 
0.008316 
0.008303 
0.008285 
0.008267 
0.008249 
0.008232 
0.008215 
0.008201 
0.008186 
0.008172 
0.008156 
0.008139 
0.008123 
0.008106 
0.008093 
0.008076 
0.008061 
0.008050 
0.008043 
0.008035 
0.008019 
0.008004 
0.007989 
0.007973 
0.007964 
0.007967 
0.007988 
0.007990 
0.007996 
0.008009 
0.008011 
0.008002 
0.007998 
0.008004 
0.008001 
0.008004 
0.008009 
0.008015 
0.008008 
0.008000 
0.007991 
0.007978 
0.007963 
0.007955 
0.007952 
0.007938 
0.007926 
0.007912 
0.007897 
0.007884 
0.007872 
0.007858 
0.007845 
0.007837 
0.007824 
0.007819 
0.007816 
0.007811 
0.007805 
0.007822 
0.007829 
0.007828 
0.007826 
0.007820 
0.007822 
0.007833 
0.007848 
0.007862 
0.007880 
0.007898 
0.007909 
0.007924 
0.007936 
0.007948 
0.007958 
0.007964 
0.007971 
0.007977 
0.007976 
0.007973 
0.007971 
0.007975 
0.007977 
0.007984 
0.007987 
0.007994 
0.008012 
0.008030 
0.008036 
0.008041 
0.008047 
0.008058 
0.008072 
0.008086 
0.008102 
0.008116 
0.008119 
0.008125 
0.008133 
0.008146 
0.008161 
0.008175 
0.008189 
0.008196 
0.008213 
0.008230 
0.000000 
0.000927 
0.001431 
0.001422 
0.001366 
0.001267 
0.001229 
0.001169 
0.001140 
0.001218 
0.001267 
0.001281 
0.001319 
0.001369 
0.001328 
0.001658 
0.001889 
0.002213 
0.002571 
0.002921 
0.003004 
0.003115 
0.003278 
0.003290 
0.003298 
0.003283 
0.003334 
0.003553 
0.003881 
0.004164 
0.004403 
0.004501 
0.004508 
0.004559 
0.004636 
0.004690 
0.004725 
0.004738 
0.004802 
0.004835 
0.004843 
0.004826 
0.004812 
0.004801 
0.004800 
0.004857 
0.004842 
0.004816 
0.004841 
0.004865 
0.004860 
0.004956 
0.005088 
0.005155 
0.005157 
0.005155 
0.005148 
0.005139 
0.005177 
0.005194 
0.005175 
0.005180 
0.005185 
0.005181 
0.005186 
0.005192 
0.005166 
0.005196 
0.005190 
0.005193 
0.005162 
0.005129 
0.005209 
0.005277 
0.005314 
0.005307 
0.005289 
0.005269 
0.005258 
0.005233 
0.005201 
0.005170 
0.005139 
0.005109 
0.005080 
0.005051 
0.005032 
0.005004 
0.004977 
0.004949 
0.004941 
0.004936 
0.004926 
0.004905 
0.004880 
0.004855 
0.004832 
0.004808 
0.004788 
0.004765 
0.004743 
0.004722 
0.004704 
0.004701 
0.004701 
0.004694 
0.004701 
0.004704 
0.004702 
0.004696 
0.004688 
0.004680 
0.004663 
0.004668 
0.004674 
0.004664 
0.004685 
0.004676 
0.004658 
0.004639 
0.004620 
0.004609 
0.004621 
0.004642 
0.004664 
0.004676 
0.004679 
0.004672 
0.004678 
0.004665 
0.004652 
0.004648 
0.004637 
0.004620 
0.004619 
0.004605 
0.004590 
0.004576 
0.004563 
0.004547 
0.004548 
0.004556 
0.004544 
0.004529 
0.004513 
0.004527 
0.004514 
0.004543 
0.004609 
0.004665 
0.004745 
0.004775 
0.004843 
0.004903 
0.004947 
0.004970 
0.005014 
0.005106 
0.005192 
0.005286 
0.005396 
0.005506 
0.005581 
0.005648 
0.005741 
0.005890 
0.006004 
0.006139 
0.006263 
0.006367 
0.006421 
0.006473 
0.006519 
0.006552 
0.006594 
0.006649 
0.006722 
0.006806 
0.006899 
0.006999 
0.007071 
0.007139 
0.007197 
0.007259 
0.007315 
0.007400 
0.007435 
0.007475 
0.007515 
0.007544 
0.007585 
0.007616 
0.007662 
0.007725 
0.007772 
0.007851 
0.007896 
0.007928 
0.007969 
0.008021 
0.008045 
0.008076 
0.008130 
0.008174 
0.008211 
0.008238 
0.008260 
0.008292 
0.008310 
0.008340 
0.008376 
0.008413 
0.008428 
0.008432 
0.008428 
0.008429 
0.008433 
0.008441 
0.008450 
0.008443 
0.008438 
0.008437 
0.008425 
0.008412 
0.008396 
0.008379 
0.008363 
0.008346 
0.008330 
0.008316 
0.008303 
0.008285 
0.008267 
0.008249 
0.008232 
0.008215 
0.008201 
0.008186 
0.008172 
0.008156 
0.008139 
0.008123 
0.008106 
0.008093 
0.008076 
0.008061 
0.008050 
0.008043 
0.008035 
0.008019 
0.008004 
0.007989 
0.007973 
0.007964 
0.007967 
0.007988 
0.007990 
0.007996 
0.008009 
0.008011 
0.008002 
0.007998 
0.008004 
0.008001 
0.008004 
0.008009 
0.008015 
0.008008 
0.008000 
0.007991 
0.007978 
0.007963 
0.007955 
0.007952 
0.007938 
0.007926 
0.007912 
0.007897 
0.007884 
0.007872 
0.007858 
0.007845 
0.007837 
0.007824 
0.007819 
0.007816 
0.007811 
0.007805 
0.007822 
0.007829 
0.007828 
0.007826 
0.007820 
0.007822 
0.007833 
0.007848 
0.007862 
0.007880 
0.007898 
0.007909 
0.007924 
0.007936 
0.007948 
0.007958 
0.007964 
0.007971 
0.007977 
0.007976 
0.007973 
0.007971 
0.007975 
0.007977 
0.007984 
0.007987 
0.007994 
0.008012 
0.008030 
0.008036 
0.008041 
0.008047 
0.008058 
0.008072 
0.008086 
0.008102 
0.008116 
0.008119 
0.008125 
0.008133 
0.008146 
0.008161 
0.008175 
0.008189 
0.008196 
0.008213 
0.008230 
