0.000000 
0.004210 
0.003553 
0.003085 
0.003834 
0.004226 
0.004548 
0.005066 
0.005205 
0.005436 
0.006469 
0.006286 
0.006039 
0.005871 
0.006095 
0.007409 
0.010130 
0.011433 
0.012659 
0.012593 
0.012488 
0.012207 
0.011942 
0.011814 
0.011757 
0.011977 
0.011919 
0.012274 
0.012549 
0.012539 
0.012429 
0.012365 
0.012502 
0.012549 
0.012696 
0.012799 
0.012956 
0.012972 
0.012923 
0.012781 
0.012628 
0.012779 
0.013065 
0.013170 
0.013357 
0.013422 
0.013603 
0.013895 
0.014118 
0.014294 
0.014401 
0.014479 
0.014444 
0.014484 
0.014485 
0.014633 
0.014745 
0.015113 
0.015940 
0.016593 
0.016629 
0.016705 
0.016676 
0.016580 
0.016479 
0.016411 
0.016388 
0.016470 
0.016521 
0.016411 
0.016653 
0.016877 
0.017115 
0.017152 
0.017363 
0.017457 
0.017940 
0.018547 
0.018968 
0.019847 
0.019920 
0.020228 
0.020231 
0.020605 
0.020631 
0.020697 
0.020740 
0.020759 
0.020811 
0.020837 
0.020766 
0.020700 
0.020658 
0.020837 
0.020908 
0.021233 
0.021608 
0.021984 
0.022030 
0.022170 
0.022182 
0.022282 
0.022326 
0.022372 
0.022400 
0.022463 
0.022551 
0.022680 
0.022793 
0.022900 
0.022878 
0.022872 
0.022811 
0.022746 
0.022915 
0.023196 
0.023412 
0.023432 
0.023451 
0.023491 
0.023495 
0.023509 
0.023540 
0.023571 
0.023519 
0.023530 
0.023583 
0.023569 
0.023548 
0.023525 
0.023712 
0.024211 
0.024867 
0.025403 
0.025653 
0.026008 
0.026089 
0.026058 
0.026071 
0.026152 
0.026135 
0.026193 
0.026258 
0.026371 
0.026377 
0.026442 
0.026387 
0.026424 
0.026501 
0.026468 
0.026564 
0.026679 
0.026628 
0.026557 
0.026733 
0.026720 
0.026683 
0.026638 
0.026603 
0.026566 
0.026492 
0.026418 
0.026356 
0.026295 
0.026240 
0.026163 
0.026136 
0.026100 
0.026068 
0.026032 
0.026008 
0.025977 
0.025927 
0.025899 
0.025867 
0.025805 
0.025766 
0.025736 
0.025688 
0.025680 
0.025655 
0.025664 
0.025623 
0.025578 
0.025533 
0.025531 
0.025498 
0.025480 
0.025434 
0.025391 
0.025337 
0.025285 
0.025229 
0.025171 
0.025112 
0.025090 
0.025043 
0.025004 
0.024950 
0.024908 
0.024847 
0.024804 
0.024762 
0.024707 
0.024651 
0.024593 
0.024546 
0.024490 
0.024432 
0.024380 
0.024322 
0.024265 
0.024208 
0.024152 
0.024096 
0.024040 
0.023985 
0.023931 
0.023887 
0.023844 
0.023798 
0.023746 
0.023699 
0.023671 
0.023618 
0.023567 
0.023540 
0.023537 
0.023554 
0.023504 
0.023475 
0.023437 
0.023413 
0.023392 
0.023351 
0.023323 
0.023331 
0.023342 
0.023321 
0.023398 
0.023475 
0.023497 
0.023453 
0.023442 
0.023469 
0.023501 
0.023489 
0.023509 
0.023486 
0.023552 
0.023559 
0.023536 
0.023530 
0.023601 
0.023672 
0.023841 
0.023982 
0.023973 
0.023935 
0.023893 
0.023901 
0.023864 
0.023827 
0.023819 
0.023884 
0.023910 
0.023894 
0.023926 
0.023974 
0.024050 
0.024092 
0.024134 
0.024165 
0.024202 
0.024296 
0.024415 
0.024458 
0.024471 
0.024508 
0.024663 
0.024732 
0.024740 
0.024765 
0.024804 
0.024840 
0.024889 
0.024908 
0.024917 
0.024966 
0.025016 
0.025022 
0.025050 
0.025086 
0.025145 
0.025205 
0.025273 
0.025330 
0.025344 
0.025381 
0.025423 
0.025445 
0.025483 
0.025528 
0.025584 
0.025662 
0.025741 
0.025825 
0.025902 
0.025995 
0.026084 
0.026127 
0.026211 
0.026307 
0.026390 
0.026479 
0.026620 
0.026695 
0.026748 
0.026809 
0.026811 
0.026869 
0.026937 
0.027000 
0.027062 
0.027118 
0.027212 
0.027288 
0.027364 
0.027387 
0.027447 
0.027496 
0.027550 
0.027619 
0.027691 
0.027777 
0.027811 
0.000000 
0.004531 
0.004118 
0.004329 
0.006358 
0.006995 
0.006484 
0.006574 
0.007856 
0.008158 
0.008031 
0.008113 
0.008016 
0.008172 
0.009792 
0.010620 
0.011510 
0.012005 
0.012657 
0.012390 
0.012092 
0.012246 
0.012984 
0.014327 
0.015202 
0.015562 
0.015511 
0.015438 
0.015170 
0.015199 
0.015285 
0.015657 
0.015930 
0.015867 
0.015933 
0.016113 
0.016170 
0.016412 
0.016323 
0.016206 
0.016307 
0.016471 
0.016900 
0.017344 
0.017335 
0.017314 
0.017342 
0.017387 
0.017523 
0.017749 
0.017714 
0.017644 
0.017537 
0.017403 
0.017339 
0.017416 
0.017463 
0.017632 
0.017720 
0.017668 
0.017746 
0.017661 
0.017614 
0.017534 
0.017415 
0.017309 
0.017443 
0.017458 
0.017562 
0.017736 
0.017920 
0.018007 
0.018626 
0.018752 
0.018900 
0.018922 
0.018913 
0.019123 
0.019534 
0.019615 
0.019739 
0.019895 
0.019922 
0.019994 
0.020263 
0.020383 
0.020458 
0.020482 
0.020540 
0.020542 
0.020680 
0.020616 
0.020580 
0.020696 
0.020743 
0.020692 
0.020770 
0.020902 
0.021021 
0.021088 
0.021212 
0.021347 
0.021504 
0.021622 
0.021794 
0.021919 
0.021986 
0.022097 
0.022115 
0.022109 
0.022161 
0.022173 
0.022168 
0.022148 
0.022125 
0.022059 
0.022096 
0.022063 
0.022074 
0.022084 
0.022152 
0.022213 
0.022202 
0.022184 
0.022223 
0.022180 
0.022332 
0.022339 
0.022433 
0.022539 
0.022729 
0.022949 
0.023180 
0.023307 
0.023438 
0.023678 
0.023959 
0.024051 
0.024256 
0.024598 
0.024907 
0.024933 
0.025003 
0.025220 
0.025444 
0.025563 
0.025685 
0.025710 
0.025739 
0.025841 
0.026026 
0.026199 
0.026198 
0.026174 
0.026179 
0.026177 
0.026196 
0.026289 
0.026352 
0.026429 
0.026536 
0.026495 
0.026457 
0.026421 
0.026443 
0.026478 
0.026502 
0.026504 
0.026469 
0.026468 
0.026432 
0.026419 
0.026441 
0.026447 
0.026450 
0.026426 
0.026412 
0.026405 
0.026406 
0.026410 
0.026435 
0.026440 
0.026436 
0.026435 
0.026444 
0.026446 
0.026475 
0.026482 
0.026495 
0.026531 
0.026555 
0.026617 
0.026675 
0.026714 
0.026700 
0.026697 
0.026664 
0.026629 
0.026617 
0.026596 
0.026576 
0.026556 
0.026528 
0.026503 
0.026529 
0.026543 
0.026516 
0.026495 
0.026477 
0.026437 
0.026388 
0.026341 
0.026313 
0.026301 
0.026248 
0.026207 
0.026171 
0.026121 
0.026077 
0.026025 
0.025988 
0.025948 
0.025901 
0.025874 
0.025845 
0.025796 
0.025756 
0.025736 
0.025684 
0.025652 
0.025615 
0.025575 
0.025525 
0.025496 
0.025448 
0.025394 
0.025351 
0.025299 
0.025246 
0.025195 
0.025142 
0.025091 
0.025044 
0.025001 
0.024953 
0.024903 
0.024865 
0.024823 
0.024773 
0.024725 
0.024677 
0.024628 
0.024586 
0.024567 
0.024529 
0.024494 
0.024452 
0.024405 
0.024361 
0.024332 
0.024305 
0.024276 
0.024252 
0.024207 
0.024163 
0.024119 
0.024077 
0.024033 
0.024031 
0.023987 
0.023966 
0.023943 
0.023908 
0.023875 
0.023929 
0.023890 
0.023847 
0.023805 
0.023762 
0.023720 
0.023678 
0.023648 
0.023606 
0.023565 
0.023524 
0.023483 
0.023443 
0.023402 
0.023362 
0.023328 
0.023292 
0.023254 
0.023215 
0.023181 
0.023148 
0.023124 
0.023093 
0.023059 
0.023023 
0.022992 
0.022956 
0.022919 
0.022904 
0.022877 
0.022858 
0.022839 
0.022817 
0.022784 
0.022750 
0.022713 
0.022695 
0.022673 
0.022647 
0.022614 
0.022582 
0.022549 
0.022514 
0.022483 
0.022455 
0.022424 
0.022392 
0.022357 
0.022328 
0.022306 
0.022283 
0.022252 
0.022221 
0.022208 
0.022211 
0.022190 
0.022198 
0.022231 
0.022237 
0.022227 
0.022218 
0.022203 
0.000000 
0.004210 
0.003553 
0.003085 
0.003834 
0.004226 
0.004548 
0.005066 
0.005205 
0.005436 
0.006469 
0.006286 
0.006039 
0.005871 
0.006095 
0.007409 
0.010130 
0.011433 
0.012659 
0.012593 
0.012488 
0.012207 
0.011942 
0.011814 
0.011757 
0.011977 
0.011919 
0.012274 
0.012549 
0.012539 
0.012429 
0.012365 
0.012502 
0.012549 
0.012696 
0.012799 
0.012956 
0.012972 
0.012923 
0.012781 
0.012628 
0.012779 
0.013065 
0.013170 
0.013357 
0.013422 
0.013603 
0.013895 
0.014118 
0.014294 
0.014401 
0.014479 
0.014444 
0.014484 
0.014485 
0.014633 
0.014745 
0.015113 
0.015940 
0.016593 
0.016629 
0.016705 
0.016676 
0.016580 
0.016479 
0.016411 
0.016388 
0.016470 
0.016521 
0.016411 
0.016653 
0.016877 
0.017115 
0.017152 
0.017363 
0.017457 
0.017940 
0.018547 
0.018968 
0.019847 
0.019920 
0.020228 
0.020231 
0.020605 
0.020631 
0.020697 
0.020740 
0.020759 
0.020811 
0.020837 
0.020766 
0.020700 
0.020658 
0.020837 
0.020908 
0.021233 
0.021608 
0.021984 
0.022030 
0.022170 
0.022182 
0.022282 
0.022326 
0.022372 
0.022400 
0.022463 
0.022551 
0.022680 
0.022793 
0.022900 
0.022878 
0.022872 
0.022811 
0.022746 
0.022915 
0.023196 
0.023412 
0.023432 
0.023451 
0.023491 
0.023495 
0.023509 
0.023540 
0.023571 
0.023519 
0.023530 
0.023583 
0.023569 
0.023548 
0.023525 
0.023712 
0.024211 
0.024867 
0.025403 
0.025653 
0.026008 
0.026089 
0.026058 
0.026071 
0.026152 
0.026135 
0.026193 
0.026258 
0.026371 
0.026377 
0.026442 
0.026387 
0.026424 
0.026501 
0.026468 
0.026564 
0.026679 
0.026628 
0.026557 
0.026733 
0.026720 
0.026683 
0.026638 
0.026603 
0.026566 
0.026492 
0.026418 
0.026356 
0.026295 
0.026240 
0.026163 
0.026136 
0.026100 
0.026068 
0.026032 
0.026008 
0.025977 
0.025927 
0.025899 
0.025867 
0.025805 
0.025766 
0.025736 
0.025688 
0.025680 
0.025655 
0.025664 
0.025623 
0.025578 
0.025533 
0.025531 
0.025498 
0.025480 
0.025434 
0.025391 
0.025337 
0.025285 
0.025229 
0.025171 
0.025112 
0.025090 
0.025043 
0.025004 
0.024950 
0.024908 
0.024847 
0.024804 
0.024762 
0.024707 
0.024651 
0.024593 
0.024546 
0.024490 
0.024432 
0.024380 
0.024322 
0.024265 
0.024208 
0.024152 
0.024096 
0.024040 
0.023985 
0.023931 
0.023887 
0.023844 
0.023798 
0.023746 
0.023699 
0.023671 
0.023618 
0.023567 
0.023540 
0.023537 
0.023554 
0.023504 
0.023475 
0.023437 
0.023413 
0.023392 
0.023351 
0.023323 
0.023331 
0.023342 
0.023321 
0.023398 
0.023475 
0.023497 
0.023453 
0.023442 
0.023469 
0.023501 
0.023489 
0.023509 
0.023486 
0.023552 
0.023559 
0.023536 
0.023530 
0.023601 
0.023672 
0.023841 
0.023982 
0.023973 
0.023935 
0.023910 
0.023918 
0.023885 
0.023886 
0.023963 
0.024023 
0.024062 
0.024098 
0.024125 
0.024181 
0.024283 
0.024322 
0.024357 
0.024382 
0.024411 
0.024537 
0.024674 
0.024702 
0.024747 
0.024776 
0.024787 
0.024831 
0.024839 
0.024865 
0.024911 
0.024973 
0.025049 
0.025098 
0.025149 
0.025202 
0.025263 
0.025258 
0.025280 
0.025297 
0.025339 
0.025331 
0.025348 
0.025378 
0.025358 
0.025386 
0.025415 
0.025420 
0.025460 
0.025527 
0.025559 
0.025603 
0.025676 
0.025711 
0.025735 
0.025762 
0.025799 
0.025847 
0.025900 
0.025954 
0.026018 
0.026082 
0.026184 
0.026281 
0.026274 
0.026260 
0.026250 
0.026280 
0.026342 
0.026390 
0.026450 
0.026510 
0.026514 
0.026520 
0.026525 
0.026579 
0.026620 
0.026653 
0.026696 
0.026738 
0.026778 
0.026853 
0.026856 
