0.000000 
0.000311 
0.000574 
0.000501 
0.000562 
0.000604 
0.000693 
0.000905 
0.001139 
0.001355 
0.001312 
0.001279 
0.001412 
0.001561 
0.001630 
0.001828 
0.001933 
0.001988 
0.002138 
0.002262 
0.002429 
0.002550 
0.002621 
0.002639 
0.002786 
0.002948 
0.003016 
0.003148 
0.003343 
0.003455 
0.003581 
0.003668 
0.003758 
0.003841 
0.003877 
0.003885 
0.003916 
0.003929 
0.003953 
0.003959 
0.003975 
0.004006 
0.004039 
0.004120 
0.004203 
0.004290 
0.004365 
0.004444 
0.004482 
0.004524 
0.004532 
0.004553 
0.004613 
0.004691 
0.004721 
0.004716 
0.004723 
0.004767 
0.004781 
0.004764 
0.004738 
0.004720 
0.004713 
0.004690 
0.004659 
0.004650 
0.004670 
0.004663 
0.004647 
0.004633 
0.004601 
0.004577 
0.004556 
0.004575 
0.004605 
0.004574 
0.004571 
0.004560 
0.004584 
0.004562 
0.004547 
0.004529 
0.004504 
0.004477 
0.004452 
0.004426 
0.004402 
0.004380 
0.004362 
0.004338 
0.004314 
0.004291 
0.004272 
0.004258 
0.004246 
0.004229 
0.004213 
0.004205 
0.004200 
0.004184 
0.004165 
0.004150 
0.004133 
0.004118 
0.004100 
0.004081 
0.004063 
0.004048 
0.004033 
0.004020 
0.004009 
0.004003 
0.003991 
0.003976 
0.003960 
0.003944 
0.003935 
0.003946 
0.003936 
0.003920 
0.003906 
0.003890 
0.003874 
0.003859 
0.003850 
0.003843 
0.003828 
0.003814 
0.003800 
0.003786 
0.003773 
0.003761 
0.003748 
0.003735 
0.003738 
0.003740 
0.003730 
0.003720 
0.003714 
0.003702 
0.003693 
0.003713 
0.003766 
0.003779 
0.003768 
0.003757 
0.003746 
0.003740 
0.003740 
0.003734 
0.003735 
0.003736 
0.003754 
0.003752 
0.003763 
0.003773 
0.003776 
0.003780 
0.003783 
0.003808 
0.003835 
0.003849 
0.003873 
0.003890 
0.003894 
0.003887 
0.003894 
0.003902 
0.003907 
0.003909 
0.003908 
0.003904 
0.003905 
0.003901 
0.003900 
0.003905 
0.003909 
0.003921 
0.003934 
0.003951 
0.003964 
0.003979 
0.003979 
0.003996 
0.004004 
0.004014 
0.004021 
0.004023 
0.004022 
0.004024 
0.004026 
0.004019 
0.004018 
0.004025 
0.004030 
0.004040 
0.004040 
0.004040 
0.004036 
0.004033 
0.004031 
0.004031 
0.004030 
0.004027 
0.004029 
0.004026 
0.004026 
0.004023 
0.004019 
0.004017 
0.004016 
0.004013 
0.004010 
0.004004 
0.003996 
0.003987 
0.003979 
0.003970 
0.003962 
0.003954 
0.003945 
0.003936 
0.003927 
0.003919 
0.003911 
0.003903 
0.003896 
0.003890 
0.003886 
0.003880 
0.003877 
0.003877 
0.003870 
0.003864 
0.003861 
0.003857 
0.003864 
0.003869 
0.003871 
0.003876 
0.003877 
0.003881 
0.003888 
0.003891 
0.003895 
0.003903 
0.003905 
0.003913 
0.003915 
0.003915 
0.003910 
0.003912 
0.003928 
0.003942 
0.003949 
0.003947 
0.003950 
0.003958 
0.003973 
0.003993 
0.004020 
0.004035 
0.004049 
0.004062 
0.004072 
0.004078 
0.004074 
0.004078 
0.004078 
0.004075 
0.004069 
0.004063 
0.004055 
0.004048 
0.004041 
0.004034 
0.004027 
0.004025 
0.004023 
0.004018 
0.004011 
0.004005 
0.003998 
0.003992 
0.003987 
0.003981 
0.003978 
0.003976 
0.003973 
0.003972 
0.003971 
0.003968 
0.003969 
0.003970 
0.003972 
0.003978 
0.003980 
0.003981 
0.003989 
0.003989 
0.003991 
0.003995 
0.003995 
0.003996 
0.003998 
0.003999 
0.004000 
0.004003 
0.004006 
0.004008 
0.004011 
0.004011 
0.004011 
0.004011 
0.004013 
0.004017 
0.004022 
0.004028 
0.004028 
0.004029 
0.004035 
0.004047 
0.004055 
0.004060 
0.004064 
0.004066 
0.004068 
0.004070 
0.004074 
0.004081 
0.004087 
0.004091 
0.004093 
0.004094 
0.004097 
0.000000 
0.000280 
0.000589 
0.000763 
0.000695 
0.000724 
0.000845 
0.000790 
0.001050 
0.001023 
0.000984 
0.000966 
0.000970 
0.001159 
0.001254 
0.001391 
0.001528 
0.001596 
0.001653 
0.001801 
0.002038 
0.002240 
0.002456 
0.002663 
0.003009 
0.003372 
0.003621 
0.003803 
0.004059 
0.004200 
0.004320 
0.004463 
0.004569 
0.004668 
0.004774 
0.004867 
0.004937 
0.004962 
0.004962 
0.004964 
0.004955 
0.004950 
0.004927 
0.004903 
0.004865 
0.004834 
0.004809 
0.004784 
0.004767 
0.004760 
0.004747 
0.004745 
0.004738 
0.004758 
0.004830 
0.004869 
0.004873 
0.004853 
0.004849 
0.004830 
0.004818 
0.004803 
0.004808 
0.004790 
0.004806 
0.004808 
0.004827 
0.004821 
0.004815 
0.004819 
0.004793 
0.004791 
0.004804 
0.004818 
0.004790 
0.004770 
0.004774 
0.004781 
0.004794 
0.004769 
0.004744 
0.004720 
0.004691 
0.004663 
0.004636 
0.004609 
0.004583 
0.004566 
0.004556 
0.004534 
0.004520 
0.004498 
0.004474 
0.004451 
0.004428 
0.004407 
0.004386 
0.004371 
0.004350 
0.004329 
0.004308 
0.004289 
0.004268 
0.004247 
0.004228 
0.004209 
0.004189 
0.004170 
0.004150 
0.004132 
0.004114 
0.004096 
0.004079 
0.004061 
0.004045 
0.004031 
0.004019 
0.004005 
0.004004 
0.003990 
0.003977 
0.003961 
0.003954 
0.003942 
0.003936 
0.003927 
0.003912 
0.003897 
0.003883 
0.003868 
0.003854 
0.003839 
0.003825 
0.003819 
0.003816 
0.003821 
0.003820 
0.003807 
0.003804 
0.003798 
0.003805 
0.003840 
0.003848 
0.003878 
0.003879 
0.003888 
0.003884 
0.003924 
0.003933 
0.003986 
0.004020 
0.004049 
0.004076 
0.004096 
0.004138 
0.004178 
0.004230 
0.004277 
0.004326 
0.004419 
0.004497 
0.004569 
0.004646 
0.004691 
0.004736 
0.004791 
0.004867 
0.004930 
0.004982 
0.005044 
0.005093 
0.005131 
0.005167 
0.005208 
0.005242 
0.005275 
0.005312 
0.005377 
0.005437 
0.005498 
0.005560 
0.005589 
0.005625 
0.005678 
0.005729 
0.005774 
0.005804 
0.005845 
0.005891 
0.005933 
0.005979 
0.006024 
0.006071 
0.006124 
0.006158 
0.006197 
0.006223 
0.006248 
0.006266 
0.006286 
0.006300 
0.006314 
0.006341 
0.006361 
0.006382 
0.006395 
0.006408 
0.006422 
0.006431 
0.006443 
0.006451 
0.006455 
0.006459 
0.006464 
0.006464 
0.006467 
0.006464 
0.006460 
0.006458 
0.006450 
0.006443 
0.006432 
0.006423 
0.006415 
0.006405 
0.006394 
0.006381 
0.006368 
0.006356 
0.006343 
0.006330 
0.006318 
0.006307 
0.006294 
0.006281 
0.006268 
0.006255 
0.006243 
0.006230 
0.006218 
0.006205 
0.006192 
0.006180 
0.006167 
0.006154 
0.006142 
0.006130 
0.006118 
0.006105 
0.006093 
0.006082 
0.006070 
0.006060 
0.006049 
0.006039 
0.006028 
0.006017 
0.006007 
0.005996 
0.005985 
0.005974 
0.005963 
0.005952 
0.005941 
0.005930 
0.005919 
0.005908 
0.005898 
0.005893 
0.005882 
0.005875 
0.005867 
0.005865 
0.005861 
0.005854 
0.005857 
0.005849 
0.005847 
0.005855 
0.005853 
0.005854 
0.005852 
0.005857 
0.005873 
0.005883 
0.005891 
0.005898 
0.005921 
0.005937 
0.005957 
0.005980 
0.006003 
0.006036 
0.006068 
0.006106 
0.006147 
0.006175 
0.006206 
0.006239 
0.006279 
0.006310 
0.006345 
0.006383 
0.006418 
0.006458 
0.006489 
0.006519 
0.006551 
0.006581 
0.006616 
0.006655 
0.006690 
0.006717 
0.006752 
0.006786 
0.006814 
0.006846 
0.006879 
0.006914 
0.006948 
0.006984 
0.007022 
0.007055 
0.007083 
0.007112 
0.007136 
0.007161 
0.007187 
0.007211 
0.007240 
0.007268 
0.007296 
0.007326 
0.007355 
0.007378 
0.000000 
0.000294 
0.001093 
0.000965 
0.001150 
0.001325 
0.001345 
0.001543 
0.001751 
0.001801 
0.001824 
0.001774 
0.001906 
0.002394 
0.002556 
0.002697 
0.003015 
0.003172 
0.003438 
0.003612 
0.003770 
0.003881 
0.003924 
0.003941 
0.004094 
0.004201 
0.004273 
0.004372 
0.004500 
0.004604 
0.004750 
0.004879 
0.005017 
0.005185 
0.005317 
0.005391 
0.005472 
0.005505 
0.005533 
0.005564 
0.005549 
0.005575 
0.005590 
0.005592 
0.005581 
0.005617 
0.005643 
0.005676 
0.005676 
0.005692 
0.005731 
0.005793 
0.005835 
0.005876 
0.005912 
0.005933 
0.005955 
0.005946 
0.005951 
0.005933 
0.005904 
0.005891 
0.005869 
0.005844 
0.005822 
0.005814 
0.005816 
0.005833 
0.005794 
0.005764 
0.005726 
0.005688 
0.005652 
0.005629 
0.005602 
0.005568 
0.005581 
0.005604 
0.005610 
0.005606 
0.005572 
0.005540 
0.005510 
0.005478 
0.005447 
0.005415 
0.005385 
0.005358 
0.005351 
0.005341 
0.005326 
0.005305 
0.005278 
0.005255 
0.005227 
0.005204 
0.005178 
0.005152 
0.005126 
0.005100 
0.005075 
0.005052 
0.005028 
0.005009 
0.004988 
0.004968 
0.004945 
0.004923 
0.004904 
0.004882 
0.004861 
0.004841 
0.004821 
0.004804 
0.004791 
0.004801 
0.004794 
0.004780 
0.004760 
0.004741 
0.004722 
0.004704 
0.004690 
0.004677 
0.004665 
0.004653 
0.004642 
0.004637 
0.004654 
0.004649 
0.004636 
0.004619 
0.004604 
0.004587 
0.004572 
0.004555 
0.004543 
0.004529 
0.004518 
0.004506 
0.004504 
0.004502 
0.004487 
0.004474 
0.004460 
0.004449 
0.004438 
0.004431 
0.004424 
0.004414 
0.004406 
0.004405 
0.004463 
0.004504 
0.004513 
0.004514 
0.004541 
0.004577 
0.004609 
0.004633 
0.004652 
0.004700 
0.004771 
0.004837 
0.004896 
0.004950 
0.005003 
0.005052 
0.005092 
0.005134 
0.005177 
0.005211 
0.005245 
0.005279 
0.005313 
0.005350 
0.005379 
0.005408 
0.005441 
0.005484 
0.005518 
0.005557 
0.005593 
0.005625 
0.005640 
0.005652 
0.005667 
0.005676 
0.005703 
0.005727 
0.005755 
0.005769 
0.005789 
0.005813 
0.005837 
0.005861 
0.005876 
0.005887 
0.005886 
0.005887 
0.005896 
0.005903 
0.005921 
0.005941 
0.005959 
0.005972 
0.005984 
0.005992 
0.005996 
0.005998 
0.006002 
0.006005 
0.006003 
0.006001 
0.005997 
0.005990 
0.005986 
0.005982 
0.005977 
0.005969 
0.005960 
0.005951 
0.005948 
0.005939 
0.005927 
0.005914 
0.005902 
0.005890 
0.005878 
0.005866 
0.005854 
0.005843 
0.005830 
0.005818 
0.005806 
0.005794 
0.005782 
0.005770 
0.005758 
0.005746 
0.005735 
0.005723 
0.005712 
0.005700 
0.005688 
0.005677 
0.005666 
0.005654 
0.005643 
0.005633 
0.005622 
0.005611 
0.005600 
0.005590 
0.005581 
0.005573 
0.005566 
0.005560 
0.005550 
0.005543 
0.005537 
0.005527 
0.005520 
0.005515 
0.005510 
0.005504 
0.005494 
0.005484 
0.005475 
0.005465 
0.005455 
0.005445 
0.005436 
0.005427 
0.005419 
0.005409 
0.005401 
0.005396 
0.005400 
0.005403 
0.005400 
0.005396 
0.005401 
0.005402 
0.005417 
0.005430 
0.005444 
0.005458 
0.005477 
0.005502 
0.005524 
0.005542 
0.005574 
0.005609 
0.005642 
0.005687 
0.005713 
0.005749 
0.005798 
0.005847 
0.005890 
0.005943 
0.005973 
0.006011 
0.006049 
0.006079 
0.006106 
0.006135 
0.006162 
0.006185 
0.006214 
0.006240 
0.006276 
0.006312 
0.006347 
0.006384 
0.006417 
0.006443 
0.006467 
0.006496 
0.006529 
0.006559 
0.006598 
0.006640 
0.006674 
0.006705 
0.006741 
0.006770 
0.006798 
0.006838 
0.006875 
0.006910 
0.006943 
0.006973 
0.007000 
