0.000000 
0.001646 
0.001352 
0.002979 
0.004355 
0.004126 
0.004066 
0.004330 
0.005286 
0.006229 
0.006455 
0.007320 
0.008549 
0.009618 
0.010521 
0.011680 
0.013016 
0.013832 
0.014488 
0.014673 
0.014809 
0.014647 
0.014540 
0.014602 
0.014486 
0.014400 
0.014305 
0.014243 
0.014168 
0.014050 
0.013961 
0.013825 
0.013715 
0.013539 
0.013421 
0.013279 
0.013126 
0.012985 
0.012857 
0.012835 
0.012694 
0.012552 
0.012429 
0.012337 
0.012203 
0.012087 
0.011994 
0.012054 
0.012177 
0.012257 
0.012341 
0.012276 
0.012287 
0.012276 
0.012275 
0.012268 
0.012274 
0.012393 
0.012466 
0.012675 
0.012876 
0.013063 
0.013393 
0.013768 
0.014149 
0.014525 
0.014735 
0.014968 
0.015097 
0.015317 
0.015646 
0.016162 
0.016756 
0.017289 
0.017526 
0.017749 
0.018329 
0.018801 
0.019097 
0.019394 
0.019523 
0.019617 
0.019714 
0.019705 
0.019645 
0.019609 
0.019586 
0.019575 
0.019520 
0.019535 
0.019577 
0.019631 
0.019867 
0.020096 
0.020185 
0.020313 
0.020424 
0.020496 
0.020579 
0.020693 
0.020798 
0.020912 
0.021123 
0.021310 
0.021423 
0.021578 
0.021774 
0.021950 
0.022082 
0.022205 
0.022321 
0.022440 
0.022552 
0.022700 
0.022757 
0.022775 
0.022760 
0.022710 
0.022661 
0.022613 
0.022557 
0.022518 
0.022482 
0.022450 
0.022409 
0.022399 
0.022468 
0.022535 
0.022605 
0.022689 
0.022760 
0.022837 
0.022961 
0.023157 
0.023296 
0.023418 
0.023532 
0.023731 
0.023915 
0.024103 
0.024269 
0.024531 
0.024770 
0.025010 
0.025166 
0.025222 
0.025290 
0.025374 
0.025476 
0.025517 
0.025501 
0.025505 
0.025494 
0.025471 
0.025435 
0.025389 
0.025371 
0.025332 
0.025270 
0.025212 
0.025145 
0.025080 
0.025029 
0.024975 
0.024924 
0.024873 
0.024817 
0.024751 
0.024683 
0.024617 
0.024550 
0.024494 
0.024440 
0.024386 
0.024331 
0.024274 
0.024225 
0.024176 
0.024123 
0.024067 
0.024017 
0.023967 
0.023927 
0.023878 
0.023823 
0.023768 
0.023714 
0.023658 
0.023607 
0.023550 
0.023496 
0.023440 
0.023385 
0.023332 
0.023280 
0.023226 
0.023168 
0.023112 
0.023057 
0.023002 
0.022947 
0.022891 
0.022836 
0.022781 
0.022727 
0.022675 
0.022622 
0.022568 
0.022515 
0.022461 
0.022413 
0.022361 
0.022309 
0.022260 
0.022209 
0.022160 
0.022109 
0.022058 
0.022009 
0.021960 
0.021914 
0.021870 
0.021822 
0.021774 
0.021726 
0.021681 
0.021637 
0.021598 
0.021557 
0.021511 
0.021469 
0.021423 
0.021380 
0.021340 
0.021300 
0.021263 
0.021232 
0.021199 
0.021161 
0.021122 
0.021088 
0.021057 
0.021020 
0.020983 
0.020942 
0.020904 
0.020863 
0.020826 
0.020791 
0.020763 
0.020731 
0.020690 
0.020649 
0.020615 
0.020593 
0.020572 
0.020568 
0.020547 
0.020528 
0.020498 
0.020474 
0.020439 
0.020400 
0.020364 
0.020327 
0.020288 
0.020250 
0.020219 
0.020217 
0.020194 
0.020184 
0.020190 
0.020209 
0.020224 
0.020235 
0.020259 
0.020241 
0.020225 
0.020214 
0.020199 
0.020180 
0.020154 
0.020131 
0.020101 
0.020079 
0.020052 
0.020020 
0.019992 
0.019960 
0.019930 
0.019895 
0.019864 
0.019830 
0.019796 
0.019763 
0.019736 
0.019703 
0.019680 
0.019647 
0.019618 
0.019597 
0.019568 
0.019540 
0.019511 
0.019480 
0.019448 
0.019416 
0.019385 
0.019354 
0.019323 
0.019292 
0.019262 
0.019255 
0.019249 
0.019234 
0.019211 
0.019180 
0.019151 
0.019121 
0.019092 
0.019062 
0.019036 
0.019011 
0.018986 
0.018961 
0.018932 
0.018903 
0.018874 
0.018846 
0.018827 
0.018806 
0.018789 
0.018766 
0.018746 
0.018728 
0.018712 
0.000000 
0.002115 
0.004661 
0.005399 
0.005589 
0.005362 
0.005112 
0.005649 
0.005394 
0.005132 
0.005163 
0.005849 
0.007038 
0.007528 
0.008177 
0.008600 
0.009345 
0.010062 
0.010759 
0.011004 
0.011094 
0.011163 
0.011414 
0.011720 
0.011617 
0.011421 
0.011243 
0.011068 
0.010885 
0.010704 
0.010547 
0.010384 
0.010231 
0.010082 
0.009938 
0.009800 
0.009713 
0.009684 
0.009716 
0.009758 
0.009794 
0.009746 
0.009770 
0.009861 
0.009880 
0.009940 
0.009988 
0.010112 
0.010262 
0.010438 
0.010677 
0.010866 
0.010975 
0.011043 
0.011021 
0.011083 
0.011196 
0.011461 
0.011738 
0.012087 
0.012438 
0.012665 
0.012830 
0.012933 
0.013202 
0.013466 
0.013610 
0.013898 
0.014164 
0.014429 
0.014619 
0.014833 
0.014999 
0.015184 
0.015353 
0.015460 
0.015585 
0.015739 
0.015850 
0.016068 
0.016095 
0.016080 
0.016058 
0.016051 
0.016014 
0.015990 
0.015950 
0.015908 
0.015861 
0.015851 
0.015872 
0.015915 
0.016017 
0.016167 
0.016310 
0.016452 
0.016601 
0.016645 
0.016709 
0.016715 
0.016755 
0.016825 
0.016881 
0.016931 
0.017021 
0.017095 
0.017181 
0.017283 
0.017327 
0.017362 
0.017391 
0.017408 
0.017411 
0.017424 
0.017395 
0.017364 
0.017305 
0.017240 
0.017210 
0.017208 
0.017172 
0.017192 
0.017183 
0.017163 
0.017138 
0.017103 
0.017078 
0.017086 
0.017087 
0.017147 
0.017183 
0.017269 
0.017466 
0.017690 
0.017862 
0.018021 
0.018223 
0.018480 
0.018741 
0.018923 
0.019007 
0.019111 
0.019195 
0.019380 
0.019524 
0.019688 
0.019811 
0.019914 
0.020068 
0.020120 
0.020136 
0.020153 
0.020139 
0.020144 
0.020144 
0.020121 
0.020103 
0.020103 
0.020119 
0.020100 
0.020077 
0.020051 
0.020021 
0.020000 
0.019955 
0.019916 
0.019887 
0.019844 
0.019812 
0.019776 
0.019740 
0.019722 
0.019689 
0.019655 
0.019623 
0.019593 
0.019566 
0.019537 
0.019504 
0.019469 
0.019442 
0.019413 
0.019387 
0.019354 
0.019312 
0.019277 
0.019235 
0.019195 
0.019167 
0.019148 
0.019135 
0.019115 
0.019102 
0.019075 
0.019040 
0.019008 
0.018966 
0.018918 
0.018873 
0.018831 
0.018790 
0.018749 
0.018713 
0.018672 
0.018648 
0.018618 
0.018593 
0.018554 
0.018511 
0.018470 
0.018427 
0.018388 
0.018347 
0.018307 
0.018268 
0.018228 
0.018188 
0.018146 
0.018108 
0.018067 
0.018028 
0.017987 
0.017948 
0.017908 
0.017868 
0.017829 
0.017791 
0.017752 
0.017715 
0.017679 
0.017641 
0.017603 
0.017565 
0.017528 
0.017491 
0.017456 
0.017422 
0.017386 
0.017354 
0.017322 
0.017291 
0.017262 
0.017239 
0.017210 
0.017176 
0.017141 
0.017110 
0.017080 
0.017049 
0.017042 
0.017022 
0.016997 
0.016963 
0.016934 
0.016909 
0.016896 
0.016895 
0.016920 
0.016912 
0.016898 
0.016901 
0.016882 
0.016857 
0.016829 
0.016803 
0.016790 
0.016770 
0.016774 
0.016770 
0.016755 
0.016741 
0.016737 
0.016734 
0.016728 
0.016750 
0.016749 
0.016722 
0.016697 
0.016686 
0.016661 
0.016635 
0.016618 
0.016597 
0.016575 
0.016549 
0.016524 
0.016496 
0.016469 
0.016442 
0.016416 
0.016388 
0.016360 
0.016332 
0.016305 
0.016278 
0.016252 
0.016224 
0.016198 
0.016172 
0.016146 
0.016119 
0.016093 
0.016066 
0.016043 
0.016021 
0.015997 
0.015972 
0.015947 
0.015922 
0.015898 
0.015875 
0.015850 
0.015828 
0.015803 
0.015780 
0.015757 
0.015736 
0.015717 
0.015700 
0.015681 
0.015658 
0.015639 
0.015628 
0.015614 
0.015594 
0.015573 
0.015549 
0.015527 
0.015505 
0.015482 
0.015459 
0.015435 
0.015418 
0.015405 
0.015388 
0.015373 
0.000000 
0.001646 
0.001352 
0.002979 
0.004355 
0.004126 
0.004066 
0.004330 
0.005286 
0.006229 
0.006455 
0.007320 
0.008549 
0.009618 
0.010521 
0.011680 
0.013016 
0.013832 
0.014488 
0.014673 
0.014809 
0.014647 
0.014540 
0.014602 
0.014486 
0.014400 
0.014305 
0.014243 
0.014168 
0.014050 
0.013961 
0.013825 
0.013715 
0.013539 
0.013421 
0.013279 
0.013126 
0.012985 
0.012857 
0.012835 
0.012694 
0.012552 
0.012429 
0.012337 
0.012203 
0.012087 
0.011994 
0.012054 
0.012177 
0.012257 
0.012341 
0.012276 
0.012287 
0.012276 
0.012275 
0.012268 
0.012274 
0.012393 
0.012466 
0.012675 
0.012876 
0.013063 
0.013393 
0.013768 
0.014149 
0.014525 
0.014735 
0.014968 
0.015097 
0.015317 
0.015646 
0.016162 
0.016756 
0.017289 
0.017526 
0.017749 
0.018329 
0.018801 
0.019097 
0.019394 
0.019523 
0.019617 
0.019714 
0.019705 
0.019645 
0.019609 
0.019586 
0.019575 
0.019520 
0.019535 
0.019577 
0.019631 
0.019867 
0.020096 
0.020185 
0.020313 
0.020424 
0.020496 
0.020579 
0.020693 
0.020798 
0.020912 
0.021123 
0.021310 
0.021423 
0.021578 
0.021774 
0.021950 
0.022082 
0.022205 
0.022321 
0.022440 
0.022552 
0.022700 
0.022757 
0.022775 
0.022760 
0.022710 
0.022661 
0.022613 
0.022557 
0.022518 
0.022482 
0.022450 
0.022409 
0.022399 
0.022468 
0.022535 
0.022605 
0.022689 
0.022760 
0.022837 
0.022961 
0.023157 
0.023296 
0.023418 
0.023532 
0.023731 
0.023915 
0.024103 
0.024269 
0.024531 
0.024770 
0.025010 
0.025166 
0.025222 
0.025290 
0.025374 
0.025476 
0.025517 
0.025501 
0.025505 
0.025494 
0.025471 
0.025435 
0.025389 
0.025371 
0.025332 
0.025270 
0.025212 
0.025145 
0.025080 
0.025029 
0.024975 
0.024924 
0.024873 
0.024817 
0.024751 
0.024683 
0.024617 
0.024550 
0.024494 
0.024440 
0.024386 
0.024331 
0.024274 
0.024225 
0.024176 
0.024123 
0.024067 
0.024017 
0.023967 
0.023927 
0.023878 
0.023823 
0.023768 
0.023714 
0.023658 
0.023607 
0.023550 
0.023496 
0.023440 
0.023385 
0.023332 
0.023280 
0.023226 
0.023168 
0.023112 
0.023057 
0.023002 
0.022947 
0.022891 
0.022836 
0.022781 
0.022727 
0.022675 
0.022622 
0.022568 
0.022515 
0.022461 
0.022413 
0.022361 
0.022309 
0.022260 
0.022209 
0.022160 
0.022109 
0.022058 
0.022009 
0.021960 
0.021914 
0.021870 
0.021822 
0.021774 
0.021726 
0.021681 
0.021637 
0.021598 
0.021557 
0.021511 
0.021469 
0.021423 
0.021380 
0.021340 
0.021300 
0.021263 
0.021232 
0.021199 
0.021161 
0.021122 
0.021088 
0.021057 
0.021020 
0.020983 
0.020942 
0.020904 
0.020863 
0.020826 
0.020791 
0.020763 
0.020731 
0.020690 
0.020649 
0.020615 
0.020593 
0.020572 
0.020568 
0.020547 
0.020528 
0.020498 
0.020474 
0.020439 
0.020400 
0.020364 
0.020327 
0.020288 
0.020250 
0.020219 
0.020217 
0.020194 
0.020184 
0.020190 
0.020209 
0.020224 
0.020235 
0.020259 
0.020241 
0.020225 
0.020214 
0.020199 
0.020180 
0.020154 
0.020131 
0.020101 
0.020079 
0.020052 
0.020020 
0.019992 
0.019960 
0.019930 
0.019895 
0.019864 
0.019830 
0.019796 
0.019763 
0.019736 
0.019703 
0.019680 
0.019647 
0.019618 
0.019597 
0.019568 
0.019540 
0.019511 
0.019480 
0.019448 
0.019416 
0.019385 
0.019354 
0.019323 
0.019292 
0.019262 
0.019255 
0.019249 
0.019234 
0.019211 
0.019180 
0.019151 
0.019121 
0.019092 
0.019062 
0.019036 
0.019011 
0.018986 
0.018961 
0.018932 
0.018903 
0.018874 
0.018846 
0.018827 
0.018806 
0.018789 
0.018766 
0.018746 
0.018728 
0.018712 
