0.000000 
0.002084 
0.002589 
0.002425 
0.002191 
0.002386 
0.002326 
0.003242 
0.003360 
0.003187 
0.003680 
0.003868 
0.004078 
0.004568 
0.004666 
0.004571 
0.004535 
0.004436 
0.004350 
0.004325 
0.004448 
0.004506 
0.004442 
0.004352 
0.004430 
0.004587 
0.004595 
0.004574 
0.004503 
0.004486 
0.004772 
0.004885 
0.005009 
0.005052 
0.005004 
0.004949 
0.004886 
0.004921 
0.004887 
0.004847 
0.004907 
0.004975 
0.005117 
0.005176 
0.005290 
0.005541 
0.005653 
0.005709 
0.005788 
0.005773 
0.005747 
0.005734 
0.005782 
0.005835 
0.005848 
0.005965 
0.006158 
0.006303 
0.006498 
0.006872 
0.006899 
0.007024 
0.007134 
0.007247 
0.007471 
0.007600 
0.007708 
0.007800 
0.007841 
0.007926 
0.007960 
0.008119 
0.008470 
0.008797 
0.008993 
0.009291 
0.009560 
0.009868 
0.010017 
0.009996 
0.009938 
0.009878 
0.009818 
0.009761 
0.009704 
0.009661 
0.009606 
0.009579 
0.009543 
0.009514 
0.009463 
0.009411 
0.009365 
0.009329 
0.009310 
0.009291 
0.009354 
0.009320 
0.009298 
0.009269 
0.009235 
0.009200 
0.009279 
0.009251 
0.009207 
0.009166 
0.009141 
0.009100 
0.009059 
0.009019 
0.008983 
0.008945 
0.008939 
0.008899 
0.008869 
0.008847 
0.008810 
0.008772 
0.008737 
0.008709 
0.008685 
0.008650 
0.008626 
0.008604 
0.008653 
0.008627 
0.008593 
0.008570 
0.008561 
0.008551 
0.008529 
0.008496 
0.008472 
0.008447 
0.008427 
0.008424 
0.008412 
0.008426 
0.008465 
0.008501 
0.008567 
0.008630 
0.008677 
0.008694 
0.008732 
0.008899 
0.008913 
0.009080 
0.009302 
0.009553 
0.009836 
0.010080 
0.010307 
0.010595 
0.010784 
0.010915 
0.011075 
0.011322 
0.011514 
0.011691 
0.011929 
0.012164 
0.012336 
0.012472 
0.012637 
0.012926 
0.013241 
0.013569 
0.013816 
0.013994 
0.014091 
0.014167 
0.014199 
0.014231 
0.014286 
0.014378 
0.014525 
0.014702 
0.014918 
0.015109 
0.015230 
0.015360 
0.015474 
0.015595 
0.015696 
0.015805 
0.015866 
0.015957 
0.016062 
0.016162 
0.016293 
0.016397 
0.016520 
0.016679 
0.016849 
0.017027 
0.017135 
0.017256 
0.017456 
0.017673 
0.017843 
0.018014 
0.018286 
0.018552 
0.018768 
0.018915 
0.019062 
0.019253 
0.019491 
0.019644 
0.019856 
0.020080 
0.020291 
0.020458 
0.020588 
0.020742 
0.020890 
0.021133 
0.021371 
0.021639 
0.021798 
0.022015 
0.022201 
0.022435 
0.022482 
0.022575 
0.022750 
0.022925 
0.023051 
0.023096 
0.023159 
0.023221 
0.023257 
0.023276 
0.023297 
0.023290 
0.023268 
0.023237 
0.023203 
0.023205 
0.023195 
0.023197 
0.023197 
0.023200 
0.023185 
0.023175 
0.023188 
0.023202 
0.023228 
0.023198 
0.023163 
0.023132 
0.023108 
0.023099 
0.023105 
0.023150 
0.023143 
0.023142 
0.023168 
0.023164 
0.023145 
0.023176 
0.023149 
0.023119 
0.023089 
0.023052 
0.023015 
0.022979 
0.022952 
0.022928 
0.022950 
0.022936 
0.022944 
0.022934 
0.022920 
0.022919 
0.022910 
0.022880 
0.022851 
0.022810 
0.022778 
0.022765 
0.022750 
0.022739 
0.022700 
0.022673 
0.022641 
0.022608 
0.022584 
0.022549 
0.022513 
0.022490 
0.022482 
0.022463 
0.022457 
0.022441 
0.022422 
0.022404 
0.022390 
0.022365 
0.022363 
0.022386 
0.022363 
0.022376 
0.022409 
0.022447 
0.022487 
0.022569 
0.022650 
0.022736 
0.022778 
0.022810 
0.022839 
0.022903 
0.022953 
0.022990 
0.023022 
0.023063 
0.023101 
0.023156 
0.023204 
0.023249 
0.023273 
0.023299 
0.023322 
0.023376 
0.023469 
0.023529 
0.023560 
0.023619 
0.023637 
0.023669 
0.023684 
0.023695 
0.023696 
0.000000 
0.002084 
0.002589 
0.002425 
0.002191 
0.002386 
0.002326 
0.003242 
0.003360 
0.003187 
0.003680 
0.003868 
0.004078 
0.004568 
0.004666 
0.004571 
0.004535 
0.004436 
0.004350 
0.004325 
0.004448 
0.004506 
0.004442 
0.004352 
0.004430 
0.004587 
0.004595 
0.004574 
0.004503 
0.004486 
0.004772 
0.004885 
0.005009 
0.005052 
0.005004 
0.004949 
0.004886 
0.004921 
0.004887 
0.004847 
0.004907 
0.004975 
0.005117 
0.005176 
0.005290 
0.005541 
0.005653 
0.005709 
0.005788 
0.005773 
0.005747 
0.005734 
0.005782 
0.005835 
0.005848 
0.005965 
0.006158 
0.006303 
0.006498 
0.006872 
0.006899 
0.007024 
0.007134 
0.007247 
0.007471 
0.007600 
0.007708 
0.007800 
0.007841 
0.007926 
0.007960 
0.008119 
0.008470 
0.008797 
0.008993 
0.009291 
0.009560 
0.009868 
0.010017 
0.009996 
0.009938 
0.009878 
0.009818 
0.009761 
0.009704 
0.009661 
0.009606 
0.009579 
0.009543 
0.009514 
0.009463 
0.009411 
0.009365 
0.009329 
0.009310 
0.009291 
0.009354 
0.009320 
0.009298 
0.009269 
0.009235 
0.009200 
0.009279 
0.009251 
0.009207 
0.009166 
0.009141 
0.009100 
0.009059 
0.009019 
0.008983 
0.008945 
0.008939 
0.008899 
0.008869 
0.008847 
0.008810 
0.008772 
0.008737 
0.008709 
0.008685 
0.008650 
0.008626 
0.008604 
0.008653 
0.008627 
0.008593 
0.008570 
0.008561 
0.008551 
0.008529 
0.008496 
0.008472 
0.008447 
0.008427 
0.008424 
0.008412 
0.008426 
0.008465 
0.008501 
0.008567 
0.008630 
0.008677 
0.008694 
0.008732 
0.008899 
0.008913 
0.009080 
0.009302 
0.009553 
0.009836 
0.010080 
0.010307 
0.010595 
0.010784 
0.010915 
0.011075 
0.011322 
0.011514 
0.011691 
0.011929 
0.012164 
0.012336 
0.012472 
0.012637 
0.012926 
0.013241 
0.013569 
0.013816 
0.013994 
0.014091 
0.014167 
0.014199 
0.014231 
0.014286 
0.014378 
0.014525 
0.014702 
0.014918 
0.015109 
0.015230 
0.015360 
0.015474 
0.015595 
0.015696 
0.015805 
0.015866 
0.015957 
0.016062 
0.016162 
0.016293 
0.016397 
0.016520 
0.016679 
0.016849 
0.017027 
0.017135 
0.017256 
0.017456 
0.017673 
0.017843 
0.018014 
0.018286 
0.018552 
0.018768 
0.018915 
0.019062 
0.019253 
0.019491 
0.019644 
0.019856 
0.020080 
0.020291 
0.020458 
0.020588 
0.020742 
0.020890 
0.021133 
0.021371 
0.021639 
0.021798 
0.022015 
0.022201 
0.022435 
0.022482 
0.022575 
0.022750 
0.022925 
0.023051 
0.023096 
0.023159 
0.023221 
0.023257 
0.023276 
0.023297 
0.023290 
0.023268 
0.023237 
0.023203 
0.023205 
0.023195 
0.023197 
0.023197 
0.023200 
0.023185 
0.023175 
0.023188 
0.023202 
0.023228 
0.023198 
0.023163 
0.023132 
0.023108 
0.023099 
0.023105 
0.023150 
0.023143 
0.023142 
0.023168 
0.023164 
0.023145 
0.023176 
0.023149 
0.023119 
0.023089 
0.023052 
0.023015 
0.022979 
0.022952 
0.022928 
0.022950 
0.022936 
0.022944 
0.022934 
0.022920 
0.022919 
0.022910 
0.022880 
0.022851 
0.022810 
0.022778 
0.022765 
0.022750 
0.022739 
0.022700 
0.022673 
0.022641 
0.022608 
0.022584 
0.022549 
0.022513 
0.022490 
0.022482 
0.022463 
0.022457 
0.022441 
0.022422 
0.022404 
0.022390 
0.022365 
0.022363 
0.022386 
0.022363 
0.022376 
0.022409 
0.022447 
0.022487 
0.022569 
0.022650 
0.022736 
0.022778 
0.022810 
0.022839 
0.022903 
0.022953 
0.022990 
0.023022 
0.023063 
0.023101 
0.023156 
0.023204 
0.023249 
0.023273 
0.023299 
0.023322 
0.023376 
0.023469 
0.023529 
0.023560 
0.023619 
0.023637 
0.023669 
0.023684 
0.023695 
0.023696 
0.000000 
0.002084 
0.002589 
0.002425 
0.002191 
0.002386 
0.002326 
0.003242 
0.003360 
0.003187 
0.003680 
0.003868 
0.004078 
0.004568 
0.004666 
0.004571 
0.004535 
0.004436 
0.004350 
0.004325 
0.004448 
0.004506 
0.004442 
0.004352 
0.004430 
0.004587 
0.004595 
0.004574 
0.004503 
0.004486 
0.004772 
0.004885 
0.005009 
0.005052 
0.005004 
0.004949 
0.004886 
0.004921 
0.004887 
0.004847 
0.004907 
0.004975 
0.005117 
0.005176 
0.005290 
0.005541 
0.005653 
0.005709 
0.005788 
0.005773 
0.005747 
0.005734 
0.005782 
0.005835 
0.005848 
0.005965 
0.006158 
0.006303 
0.006498 
0.006872 
0.006899 
0.007024 
0.007134 
0.007247 
0.007471 
0.007600 
0.007708 
0.007800 
0.007841 
0.007926 
0.007960 
0.008119 
0.008470 
0.008797 
0.008993 
0.009291 
0.009560 
0.009868 
0.010017 
0.009996 
0.009938 
0.009878 
0.009818 
0.009761 
0.009704 
0.009661 
0.009606 
0.009579 
0.009543 
0.009514 
0.009463 
0.009411 
0.009365 
0.009329 
0.009310 
0.009291 
0.009354 
0.009320 
0.009298 
0.009269 
0.009235 
0.009200 
0.009279 
0.009251 
0.009207 
0.009166 
0.009141 
0.009100 
0.009059 
0.009019 
0.008983 
0.008945 
0.008939 
0.008899 
0.008869 
0.008847 
0.008810 
0.008772 
0.008737 
0.008709 
0.008685 
0.008650 
0.008626 
0.008604 
0.008653 
0.008627 
0.008593 
0.008570 
0.008561 
0.008551 
0.008529 
0.008496 
0.008472 
0.008447 
0.008427 
0.008424 
0.008412 
0.008426 
0.008465 
0.008501 
0.008567 
0.008630 
0.008677 
0.008694 
0.008732 
0.008899 
0.008913 
0.009080 
0.009302 
0.009553 
0.009836 
0.010080 
0.010307 
0.010595 
0.010784 
0.010915 
0.011075 
0.011322 
0.011514 
0.011691 
0.011929 
0.012164 
0.012336 
0.012472 
0.012637 
0.012926 
0.013241 
0.013569 
0.013816 
0.013994 
0.014091 
0.014167 
0.014199 
0.014231 
0.014286 
0.014378 
0.014525 
0.014702 
0.014918 
0.015109 
0.015230 
0.015360 
0.015474 
0.015595 
0.015696 
0.015805 
0.015866 
0.015957 
0.016062 
0.016162 
0.016293 
0.016397 
0.016520 
0.016679 
0.016849 
0.017027 
0.017135 
0.017256 
0.017456 
0.017673 
0.017843 
0.018014 
0.018286 
0.018552 
0.018768 
0.018915 
0.019062 
0.019253 
0.019491 
0.019644 
0.019856 
0.020080 
0.020291 
0.020458 
0.020588 
0.020742 
0.020890 
0.021133 
0.021371 
0.021639 
0.021798 
0.022015 
0.022201 
0.022435 
0.022482 
0.022575 
0.022750 
0.022925 
0.023051 
0.023096 
0.023159 
0.023221 
0.023257 
0.023276 
0.023297 
0.023290 
0.023268 
0.023237 
0.023203 
0.023205 
0.023195 
0.023197 
0.023197 
0.023200 
0.023185 
0.023175 
0.023188 
0.023202 
0.023228 
0.023198 
0.023163 
0.023132 
0.023108 
0.023099 
0.023105 
0.023150 
0.023143 
0.023142 
0.023168 
0.023164 
0.023145 
0.023176 
0.023149 
0.023119 
0.023089 
0.023052 
0.023015 
0.022979 
0.022952 
0.022928 
0.022950 
0.022936 
0.022944 
0.022934 
0.022920 
0.022919 
0.022910 
0.022880 
0.022851 
0.022810 
0.022778 
0.022765 
0.022750 
0.022739 
0.022700 
0.022673 
0.022641 
0.022608 
0.022584 
0.022549 
0.022513 
0.022490 
0.022482 
0.022463 
0.022457 
0.022441 
0.022422 
0.022404 
0.022390 
0.022365 
0.022363 
0.022386 
0.022363 
0.022376 
0.022409 
0.022447 
0.022487 
0.022569 
0.022650 
0.022736 
0.022778 
0.022810 
0.022839 
0.022903 
0.022953 
0.022990 
0.023022 
0.023063 
0.023101 
0.023156 
0.023204 
0.023249 
0.023273 
0.023299 
0.023322 
0.023376 
0.023469 
0.023529 
0.023560 
0.023619 
0.023637 
0.023669 
0.023684 
0.023695 
0.023696 
0.000000 
0.002084 
0.002589 
0.002425 
0.002191 
0.002386 
0.002326 
0.003242 
0.003360 
0.003187 
0.003680 
0.003868 
0.004078 
0.004568 
0.004666 
0.004571 
0.004535 
0.004436 
0.004350 
0.004325 
0.004448 
0.004506 
0.004442 
0.004352 
0.004430 
0.004587 
0.004595 
0.004574 
0.004503 
0.004486 
0.004772 
0.004885 
0.005009 
0.005052 
0.005004 
0.004949 
0.004886 
0.004921 
0.004887 
0.004847 
0.004907 
0.004975 
0.005117 
0.005176 
0.005290 
0.005541 
0.005653 
0.005709 
0.005788 
0.005773 
0.005747 
0.005734 
0.005782 
0.005835 
0.005848 
0.005965 
0.006158 
0.006303 
0.006498 
0.006872 
0.006899 
0.007024 
0.007134 
0.007247 
0.007471 
0.007600 
0.007708 
0.007800 
0.007841 
0.007926 
0.007960 
0.008119 
0.008470 
0.008797 
0.008993 
0.009291 
0.009560 
0.009868 
0.010017 
0.009996 
0.009938 
0.009878 
0.009818 
0.009761 
0.009704 
0.009661 
0.009606 
0.009579 
0.009543 
0.009514 
0.009463 
0.009411 
0.009365 
0.009329 
0.009310 
0.009291 
0.009354 
0.009320 
0.009298 
0.009269 
0.009235 
0.009200 
0.009279 
0.009251 
0.009207 
0.009166 
0.009141 
0.009100 
0.009059 
0.009019 
0.008983 
0.008945 
0.008939 
0.008899 
0.008869 
0.008847 
0.008810 
0.008772 
0.008737 
0.008709 
0.008685 
0.008650 
0.008626 
0.008604 
0.008653 
0.008627 
0.008593 
0.008570 
0.008561 
0.008551 
0.008529 
0.008496 
0.008472 
0.008447 
0.008427 
0.008424 
0.008412 
0.008426 
0.008465 
0.008501 
0.008567 
0.008630 
0.008677 
0.008694 
0.008732 
0.008899 
0.008913 
0.009080 
0.009302 
0.009553 
0.009836 
0.010080 
0.010307 
0.010595 
0.010784 
0.010915 
0.011075 
0.011322 
0.011514 
0.011691 
0.011929 
0.012164 
0.012336 
0.012472 
0.012637 
0.012926 
0.013241 
0.013569 
0.013816 
0.013994 
0.014091 
0.014167 
0.014199 
0.014231 
0.014286 
0.014378 
0.014525 
0.014702 
0.014918 
0.015109 
0.015230 
0.015360 
0.015474 
0.015595 
0.015696 
0.015805 
0.015866 
0.015957 
0.016062 
0.016162 
0.016293 
0.016397 
0.016520 
0.016679 
0.016849 
0.017027 
0.017135 
0.017256 
0.017456 
0.017673 
0.017843 
0.018014 
0.018286 
0.018552 
0.018768 
0.018915 
0.019062 
0.019253 
0.019491 
0.019644 
0.019856 
0.020080 
0.020291 
0.020458 
0.020588 
0.020742 
0.020890 
0.021133 
0.021371 
0.021639 
0.021798 
0.022015 
0.022201 
0.022435 
0.022482 
0.022575 
0.022750 
0.022925 
0.023051 
0.023096 
0.023159 
0.023221 
0.023257 
0.023276 
0.023297 
0.023290 
0.023268 
0.023237 
0.023203 
0.023205 
0.023195 
0.023197 
0.023197 
0.023200 
0.023185 
0.023175 
0.023188 
0.023202 
0.023228 
0.023198 
0.023163 
0.023132 
0.023108 
0.023099 
0.023105 
0.023150 
0.023143 
0.023142 
0.023168 
0.023164 
0.023145 
0.023176 
0.023149 
0.023119 
0.023089 
0.023052 
0.023015 
0.022979 
0.022952 
0.022928 
0.022950 
0.022936 
0.022944 
0.022934 
0.022920 
0.022919 
0.022910 
0.022880 
0.022851 
0.022810 
0.022778 
0.022765 
0.022750 
0.022739 
0.022700 
0.022673 
0.022641 
0.022608 
0.022584 
0.022549 
0.022513 
0.022490 
0.022482 
0.022463 
0.022457 
0.022441 
0.022422 
0.022404 
0.022390 
0.022365 
0.022363 
0.022386 
0.022363 
0.022376 
0.022409 
0.022447 
0.022487 
0.022569 
0.022650 
0.022736 
0.022778 
0.022810 
0.022839 
0.022903 
0.022953 
0.022990 
0.023022 
0.023063 
0.023101 
0.023156 
0.023204 
0.023249 
0.023273 
0.023299 
0.023322 
0.023376 
0.023469 
0.023529 
0.023560 
0.023619 
0.023637 
0.023669 
0.023684 
0.023695 
0.023696 
