0.000000 
0.000046 
0.000514 
0.000448 
0.000557 
0.000746 
0.001051 
0.001080 
0.001251 
0.001344 
0.001421 
0.001481 
0.001638 
0.001903 
0.002059 
0.002284 
0.002474 
0.002549 
0.002881 
0.003143 
0.003228 
0.003306 
0.003333 
0.003336 
0.003363 
0.003491 
0.003592 
0.003706 
0.003865 
0.003988 
0.004139 
0.004215 
0.004304 
0.004348 
0.004368 
0.004378 
0.004414 
0.004456 
0.004507 
0.004559 
0.004585 
0.004626 
0.004640 
0.004650 
0.004648 
0.004674 
0.004720 
0.004746 
0.004764 
0.004775 
0.004793 
0.004835 
0.004891 
0.004925 
0.004953 
0.004975 
0.004985 
0.004974 
0.004975 
0.004956 
0.004936 
0.004941 
0.004937 
0.004915 
0.004942 
0.004967 
0.004995 
0.005004 
0.004974 
0.004944 
0.004914 
0.004888 
0.004856 
0.004827 
0.004795 
0.004768 
0.004791 
0.004824 
0.004829 
0.004814 
0.004800 
0.004775 
0.004749 
0.004721 
0.004694 
0.004667 
0.004642 
0.004623 
0.004617 
0.004593 
0.004576 
0.004553 
0.004530 
0.004512 
0.004491 
0.004474 
0.004458 
0.004451 
0.004438 
0.004423 
0.004405 
0.004385 
0.004374 
0.004353 
0.004333 
0.004312 
0.004292 
0.004277 
0.004259 
0.004243 
0.004227 
0.004212 
0.004196 
0.004178 
0.004160 
0.004143 
0.004126 
0.004110 
0.004093 
0.004076 
0.004060 
0.004046 
0.004031 
0.004017 
0.004003 
0.003988 
0.003973 
0.003961 
0.003946 
0.003931 
0.003916 
0.003901 
0.003886 
0.003873 
0.003862 
0.003854 
0.003840 
0.003826 
0.003822 
0.003811 
0.003820 
0.003838 
0.003880 
0.003910 
0.003908 
0.003903 
0.003911 
0.003903 
0.003922 
0.003925 
0.003923 
0.003929 
0.003973 
0.004003 
0.004040 
0.004064 
0.004103 
0.004139 
0.004176 
0.004234 
0.004285 
0.004331 
0.004382 
0.004414 
0.004432 
0.004449 
0.004476 
0.004509 
0.004543 
0.004574 
0.004589 
0.004605 
0.004625 
0.004644 
0.004665 
0.004688 
0.004728 
0.004772 
0.004814 
0.004853 
0.004893 
0.004938 
0.004982 
0.005018 
0.005048 
0.005065 
0.005078 
0.005105 
0.005122 
0.005134 
0.005152 
0.005166 
0.005177 
0.005198 
0.005213 
0.005224 
0.005239 
0.005256 
0.005272 
0.005275 
0.005279 
0.005285 
0.005286 
0.005291 
0.005305 
0.005311 
0.005314 
0.005320 
0.005322 
0.005327 
0.005329 
0.005328 
0.005330 
0.005329 
0.005325 
0.005322 
0.005316 
0.005307 
0.005299 
0.005290 
0.005279 
0.005269 
0.005258 
0.005246 
0.005235 
0.005223 
0.005212 
0.005201 
0.005191 
0.005182 
0.005172 
0.005162 
0.005152 
0.005141 
0.005132 
0.005123 
0.005120 
0.005114 
0.005109 
0.005106 
0.005103 
0.005103 
0.005105 
0.005107 
0.005106 
0.005104 
0.005102 
0.005098 
0.005093 
0.005088 
0.005081 
0.005075 
0.005086 
0.005088 
0.005092 
0.005093 
0.005093 
0.005094 
0.005097 
0.005106 
0.005111 
0.005121 
0.005116 
0.005109 
0.005104 
0.005100 
0.005094 
0.005088 
0.005081 
0.005073 
0.005065 
0.005061 
0.005053 
0.005047 
0.005038 
0.005029 
0.005024 
0.005015 
0.005006 
0.004997 
0.004988 
0.004979 
0.004971 
0.004962 
0.004953 
0.004947 
0.004939 
0.004934 
0.004926 
0.004919 
0.004912 
0.004907 
0.004904 
0.004899 
0.004894 
0.004896 
0.004893 
0.004895 
0.004895 
0.004892 
0.004891 
0.004887 
0.004885 
0.004883 
0.004883 
0.004884 
0.004882 
0.004881 
0.004882 
0.004883 
0.004884 
0.004883 
0.004886 
0.004891 
0.004892 
0.004897 
0.004901 
0.004907 
0.004912 
0.004917 
0.004922 
0.004930 
0.004940 
0.004949 
0.004955 
0.004960 
0.004965 
0.004967 
0.004969 
0.004973 
0.004972 
0.004973 
0.004974 
0.004974 
0.004974 
0.000000 
0.000046 
0.000514 
0.000448 
0.000557 
0.000746 
0.001051 
0.001080 
0.001251 
0.001344 
0.001421 
0.001481 
0.001638 
0.001903 
0.002059 
0.002284 
0.002474 
0.002549 
0.002881 
0.003143 
0.003228 
0.003306 
0.003333 
0.003336 
0.003363 
0.003491 
0.003592 
0.003706 
0.003865 
0.003988 
0.004139 
0.004215 
0.004304 
0.004348 
0.004368 
0.004378 
0.004414 
0.004456 
0.004507 
0.004559 
0.004585 
0.004626 
0.004640 
0.004650 
0.004648 
0.004674 
0.004720 
0.004746 
0.004764 
0.004775 
0.004793 
0.004835 
0.004891 
0.004925 
0.004953 
0.004975 
0.004985 
0.004974 
0.004975 
0.004956 
0.004936 
0.004941 
0.004937 
0.004915 
0.004942 
0.004967 
0.004995 
0.005004 
0.004974 
0.004944 
0.004914 
0.004888 
0.004856 
0.004827 
0.004795 
0.004768 
0.004791 
0.004824 
0.004829 
0.004814 
0.004800 
0.004775 
0.004749 
0.004721 
0.004694 
0.004667 
0.004642 
0.004623 
0.004617 
0.004593 
0.004576 
0.004553 
0.004530 
0.004512 
0.004491 
0.004474 
0.004458 
0.004451 
0.004438 
0.004423 
0.004405 
0.004385 
0.004374 
0.004353 
0.004333 
0.004312 
0.004292 
0.004277 
0.004259 
0.004243 
0.004227 
0.004212 
0.004196 
0.004178 
0.004160 
0.004143 
0.004126 
0.004110 
0.004093 
0.004076 
0.004060 
0.004046 
0.004031 
0.004017 
0.004003 
0.003988 
0.003973 
0.003961 
0.003946 
0.003931 
0.003916 
0.003901 
0.003886 
0.003873 
0.003862 
0.003854 
0.003840 
0.003826 
0.003822 
0.003811 
0.003820 
0.003838 
0.003880 
0.003910 
0.003908 
0.003903 
0.003911 
0.003903 
0.003922 
0.003925 
0.003923 
0.003929 
0.003973 
0.004003 
0.004040 
0.004064 
0.004103 
0.004139 
0.004176 
0.004234 
0.004285 
0.004331 
0.004382 
0.004414 
0.004432 
0.004449 
0.004476 
0.004509 
0.004543 
0.004574 
0.004589 
0.004605 
0.004625 
0.004644 
0.004665 
0.004688 
0.004728 
0.004772 
0.004814 
0.004853 
0.004893 
0.004938 
0.004982 
0.005018 
0.005048 
0.005065 
0.005078 
0.005105 
0.005122 
0.005134 
0.005152 
0.005166 
0.005177 
0.005198 
0.005213 
0.005224 
0.005239 
0.005256 
0.005272 
0.005275 
0.005279 
0.005285 
0.005286 
0.005291 
0.005305 
0.005311 
0.005314 
0.005320 
0.005322 
0.005327 
0.005329 
0.005328 
0.005330 
0.005329 
0.005325 
0.005322 
0.005316 
0.005307 
0.005299 
0.005290 
0.005279 
0.005269 
0.005258 
0.005246 
0.005235 
0.005223 
0.005212 
0.005201 
0.005191 
0.005182 
0.005172 
0.005162 
0.005152 
0.005141 
0.005132 
0.005123 
0.005120 
0.005114 
0.005109 
0.005106 
0.005103 
0.005103 
0.005105 
0.005107 
0.005106 
0.005104 
0.005102 
0.005098 
0.005093 
0.005088 
0.005081 
0.005075 
0.005086 
0.005088 
0.005092 
0.005093 
0.005093 
0.005094 
0.005097 
0.005106 
0.005111 
0.005121 
0.005116 
0.005109 
0.005104 
0.005100 
0.005094 
0.005088 
0.005081 
0.005073 
0.005065 
0.005061 
0.005053 
0.005047 
0.005038 
0.005029 
0.005024 
0.005015 
0.005006 
0.004997 
0.004988 
0.004979 
0.004971 
0.004962 
0.004953 
0.004947 
0.004939 
0.004934 
0.004926 
0.004919 
0.004912 
0.004907 
0.004904 
0.004899 
0.004894 
0.004896 
0.004893 
0.004895 
0.004895 
0.004892 
0.004891 
0.004887 
0.004885 
0.004883 
0.004883 
0.004884 
0.004882 
0.004881 
0.004882 
0.004883 
0.004884 
0.004883 
0.004886 
0.004891 
0.004892 
0.004897 
0.004901 
0.004907 
0.004912 
0.004917 
0.004922 
0.004930 
0.004940 
0.004949 
0.004955 
0.004960 
0.004965 
0.004967 
0.004969 
0.004973 
0.004972 
0.004973 
0.004974 
0.004974 
0.004974 
0.000000 
0.000046 
0.000514 
0.000448 
0.000557 
0.000746 
0.001051 
0.001080 
0.001251 
0.001344 
0.001421 
0.001481 
0.001638 
0.001903 
0.002059 
0.002284 
0.002474 
0.002549 
0.002881 
0.003143 
0.003228 
0.003306 
0.003333 
0.003336 
0.003363 
0.003491 
0.003592 
0.003706 
0.003865 
0.003988 
0.004139 
0.004215 
0.004304 
0.004348 
0.004368 
0.004378 
0.004414 
0.004456 
0.004507 
0.004559 
0.004585 
0.004626 
0.004640 
0.004650 
0.004648 
0.004674 
0.004720 
0.004746 
0.004764 
0.004775 
0.004793 
0.004835 
0.004891 
0.004925 
0.004953 
0.004975 
0.004985 
0.004974 
0.004975 
0.004956 
0.004936 
0.004941 
0.004937 
0.004915 
0.004942 
0.004967 
0.004995 
0.005004 
0.004974 
0.004944 
0.004914 
0.004888 
0.004856 
0.004827 
0.004795 
0.004768 
0.004791 
0.004824 
0.004829 
0.004814 
0.004800 
0.004775 
0.004749 
0.004721 
0.004694 
0.004667 
0.004642 
0.004623 
0.004617 
0.004593 
0.004576 
0.004553 
0.004530 
0.004512 
0.004491 
0.004474 
0.004458 
0.004451 
0.004438 
0.004423 
0.004405 
0.004385 
0.004374 
0.004353 
0.004333 
0.004312 
0.004292 
0.004277 
0.004259 
0.004243 
0.004227 
0.004212 
0.004196 
0.004178 
0.004160 
0.004143 
0.004126 
0.004110 
0.004093 
0.004076 
0.004060 
0.004046 
0.004031 
0.004017 
0.004003 
0.003988 
0.003973 
0.003961 
0.003946 
0.003931 
0.003916 
0.003901 
0.003886 
0.003873 
0.003862 
0.003854 
0.003840 
0.003826 
0.003822 
0.003811 
0.003820 
0.003838 
0.003880 
0.003910 
0.003908 
0.003903 
0.003911 
0.003903 
0.003922 
0.003925 
0.003923 
0.003929 
0.003973 
0.004003 
0.004040 
0.004064 
0.004103 
0.004139 
0.004176 
0.004234 
0.004285 
0.004331 
0.004382 
0.004414 
0.004432 
0.004449 
0.004476 
0.004509 
0.004543 
0.004574 
0.004589 
0.004605 
0.004625 
0.004644 
0.004665 
0.004688 
0.004728 
0.004772 
0.004814 
0.004853 
0.004893 
0.004938 
0.004982 
0.005018 
0.005048 
0.005065 
0.005078 
0.005105 
0.005122 
0.005134 
0.005152 
0.005166 
0.005177 
0.005198 
0.005213 
0.005224 
0.005239 
0.005256 
0.005272 
0.005275 
0.005279 
0.005285 
0.005286 
0.005291 
0.005305 
0.005311 
0.005314 
0.005320 
0.005322 
0.005327 
0.005329 
0.005328 
0.005330 
0.005329 
0.005325 
0.005322 
0.005316 
0.005307 
0.005299 
0.005290 
0.005279 
0.005269 
0.005258 
0.005246 
0.005235 
0.005223 
0.005212 
0.005201 
0.005191 
0.005182 
0.005172 
0.005162 
0.005152 
0.005141 
0.005132 
0.005123 
0.005120 
0.005114 
0.005109 
0.005106 
0.005103 
0.005103 
0.005105 
0.005107 
0.005106 
0.005104 
0.005102 
0.005098 
0.005093 
0.005088 
0.005081 
0.005075 
0.005086 
0.005088 
0.005092 
0.005093 
0.005093 
0.005094 
0.005097 
0.005106 
0.005111 
0.005121 
0.005116 
0.005109 
0.005104 
0.005100 
0.005094 
0.005088 
0.005081 
0.005073 
0.005065 
0.005061 
0.005053 
0.005047 
0.005038 
0.005029 
0.005024 
0.005015 
0.005006 
0.004997 
0.004988 
0.004979 
0.004971 
0.004962 
0.004953 
0.004947 
0.004939 
0.004934 
0.004926 
0.004919 
0.004912 
0.004907 
0.004904 
0.004899 
0.004894 
0.004896 
0.004893 
0.004895 
0.004895 
0.004892 
0.004891 
0.004887 
0.004885 
0.004883 
0.004883 
0.004884 
0.004882 
0.004881 
0.004882 
0.004883 
0.004884 
0.004883 
0.004886 
0.004891 
0.004892 
0.004897 
0.004901 
0.004907 
0.004912 
0.004917 
0.004922 
0.004930 
0.004940 
0.004949 
0.004955 
0.004960 
0.004965 
0.004967 
0.004969 
0.004973 
0.004972 
0.004973 
0.004974 
0.004974 
0.004974 
