0.000000 
0.000815 
0.000669 
0.000580 
0.000520 
0.000585 
0.000643 
0.000736 
0.000709 
0.000890 
0.000987 
0.001067 
0.001145 
0.001364 
0.001503 
0.001570 
0.001571 
0.001584 
0.001641 
0.001891 
0.002043 
0.002496 
0.002799 
0.003133 
0.003551 
0.003824 
0.004053 
0.004293 
0.004467 
0.004594 
0.004697 
0.004854 
0.004980 
0.005202 
0.005349 
0.005474 
0.005584 
0.005650 
0.005714 
0.005717 
0.005790 
0.005871 
0.005904 
0.005966 
0.006058 
0.006185 
0.006254 
0.006258 
0.006230 
0.006220 
0.006212 
0.006231 
0.006218 
0.006211 
0.006228 
0.006260 
0.006318 
0.006320 
0.006341 
0.006321 
0.006309 
0.006293 
0.006265 
0.006226 
0.006188 
0.006172 
0.006169 
0.006198 
0.006206 
0.006194 
0.006152 
0.006109 
0.006067 
0.006027 
0.005990 
0.005960 
0.005939 
0.005903 
0.005872 
0.005868 
0.005841 
0.005808 
0.005776 
0.005744 
0.005715 
0.005687 
0.005663 
0.005672 
0.005646 
0.005616 
0.005587 
0.005566 
0.005624 
0.005671 
0.005656 
0.005636 
0.005611 
0.005584 
0.005560 
0.005575 
0.005589 
0.005583 
0.005568 
0.005546 
0.005523 
0.005506 
0.005493 
0.005475 
0.005459 
0.005451 
0.005445 
0.005423 
0.005405 
0.005406 
0.005391 
0.005378 
0.005356 
0.005333 
0.005311 
0.005290 
0.005273 
0.005255 
0.005248 
0.005243 
0.005235 
0.005221 
0.005205 
0.005188 
0.005175 
0.005171 
0.005166 
0.005146 
0.005138 
0.005129 
0.005129 
0.005111 
0.005094 
0.005079 
0.005068 
0.005063 
0.005081 
0.005097 
0.005112 
0.005120 
0.005119 
0.005121 
0.005110 
0.005103 
0.005103 
0.005091 
0.005079 
0.005087 
0.005117 
0.005111 
0.005138 
0.005165 
0.005186 
0.005211 
0.005231 
0.005265 
0.005291 
0.005346 
0.005381 
0.005397 
0.005414 
0.005427 
0.005445 
0.005465 
0.005494 
0.005513 
0.005535 
0.005544 
0.005553 
0.005562 
0.005575 
0.005588 
0.005619 
0.005659 
0.005695 
0.005714 
0.005745 
0.005775 
0.005806 
0.005825 
0.005845 
0.005870 
0.005876 
0.005887 
0.005898 
0.005910 
0.005923 
0.005935 
0.005945 
0.005959 
0.005974 
0.005998 
0.006016 
0.006035 
0.006046 
0.006062 
0.006085 
0.006105 
0.006126 
0.006158 
0.006175 
0.006190 
0.006200 
0.006212 
0.006211 
0.006227 
0.006244 
0.006241 
0.006239 
0.006235 
0.006230 
0.006222 
0.006215 
0.006205 
0.006195 
0.006183 
0.006169 
0.006155 
0.006142 
0.006130 
0.006118 
0.006105 
0.006094 
0.006083 
0.006072 
0.006063 
0.006052 
0.006042 
0.006033 
0.006026 
0.006019 
0.006012 
0.006006 
0.006005 
0.005997 
0.005993 
0.005992 
0.005994 
0.005996 
0.005998 
0.005999 
0.005997 
0.006006 
0.006008 
0.006008 
0.006006 
0.006004 
0.006005 
0.006007 
0.006020 
0.006025 
0.006039 
0.006054 
0.006073 
0.006091 
0.006097 
0.006107 
0.006124 
0.006162 
0.006187 
0.006205 
0.006227 
0.006246 
0.006260 
0.006256 
0.006253 
0.006250 
0.006246 
0.006236 
0.006227 
0.006216 
0.006204 
0.006193 
0.006182 
0.006171 
0.006160 
0.006150 
0.006140 
0.006129 
0.006118 
0.006114 
0.006107 
0.006099 
0.006093 
0.006088 
0.006083 
0.006078 
0.006075 
0.006069 
0.006063 
0.006060 
0.006062 
0.006056 
0.006051 
0.006048 
0.006046 
0.006041 
0.006038 
0.006038 
0.006035 
0.006030 
0.006023 
0.006013 
0.006004 
0.005997 
0.005990 
0.005985 
0.005980 
0.005977 
0.005974 
0.005967 
0.005961 
0.005952 
0.005944 
0.005936 
0.005929 
0.005925 
0.005921 
0.005919 
0.005916 
0.005910 
0.005904 
0.005900 
0.005894 
0.005888 
0.005886 
0.005883 
0.005882 
0.005879 
0.005875 
0.005871 
0.000000 
0.000401 
0.001188 
0.001236 
0.001105 
0.001009 
0.000935 
0.000893 
0.001269 
0.001463 
0.001481 
0.001460 
0.001492 
0.001649 
0.001627 
0.001662 
0.001661 
0.001646 
0.001678 
0.001860 
0.002025 
0.002271 
0.002417 
0.002580 
0.002865 
0.003234 
0.003447 
0.003638 
0.003827 
0.004022 
0.004139 
0.004303 
0.004438 
0.004553 
0.004648 
0.004741 
0.004795 
0.004811 
0.004802 
0.004808 
0.004798 
0.004808 
0.004816 
0.004832 
0.004864 
0.004899 
0.004941 
0.004941 
0.004940 
0.004928 
0.004905 
0.004881 
0.004879 
0.004871 
0.004879 
0.004873 
0.004856 
0.004841 
0.004823 
0.004803 
0.004778 
0.004764 
0.004751 
0.004729 
0.004741 
0.004729 
0.004756 
0.004749 
0.004742 
0.004733 
0.004707 
0.004729 
0.004698 
0.004666 
0.004639 
0.004609 
0.004593 
0.004571 
0.004563 
0.004535 
0.004507 
0.004483 
0.004462 
0.004436 
0.004413 
0.004387 
0.004362 
0.004339 
0.004315 
0.004292 
0.004269 
0.004246 
0.004223 
0.004211 
0.004194 
0.004173 
0.004157 
0.004137 
0.004116 
0.004096 
0.004077 
0.004058 
0.004039 
0.004021 
0.004002 
0.003985 
0.003969 
0.003952 
0.003934 
0.003916 
0.003898 
0.003881 
0.003865 
0.003852 
0.003836 
0.003821 
0.003817 
0.003808 
0.003792 
0.003778 
0.003764 
0.003749 
0.003733 
0.003718 
0.003704 
0.003690 
0.003676 
0.003674 
0.003659 
0.003645 
0.003635 
0.003622 
0.003608 
0.003600 
0.003631 
0.003643 
0.003662 
0.003662 
0.003674 
0.003681 
0.003726 
0.003791 
0.003782 
0.003821 
0.003828 
0.003866 
0.003862 
0.003886 
0.003923 
0.003948 
0.003979 
0.004010 
0.004073 
0.004131 
0.004179 
0.004212 
0.004245 
0.004335 
0.004404 
0.004461 
0.004526 
0.004624 
0.004697 
0.004759 
0.004815 
0.004872 
0.004937 
0.004992 
0.005071 
0.005136 
0.005201 
0.005268 
0.005335 
0.005397 
0.005456 
0.005511 
0.005557 
0.005606 
0.005655 
0.005704 
0.005766 
0.005831 
0.005881 
0.005930 
0.005989 
0.006034 
0.006076 
0.006110 
0.006157 
0.006193 
0.006226 
0.006255 
0.006282 
0.006313 
0.006348 
0.006378 
0.006413 
0.006447 
0.006475 
0.006488 
0.006502 
0.006513 
0.006518 
0.006537 
0.006542 
0.006543 
0.006543 
0.006560 
0.006568 
0.006573 
0.006585 
0.006597 
0.006596 
0.006596 
0.006592 
0.006585 
0.006578 
0.006569 
0.006561 
0.006552 
0.006541 
0.006530 
0.006519 
0.006507 
0.006493 
0.006479 
0.006467 
0.006453 
0.006439 
0.006425 
0.006412 
0.006398 
0.006384 
0.006371 
0.006357 
0.006344 
0.006331 
0.006318 
0.006305 
0.006292 
0.006280 
0.006268 
0.006256 
0.006245 
0.006233 
0.006221 
0.006212 
0.006202 
0.006192 
0.006184 
0.006174 
0.006163 
0.006155 
0.006146 
0.006146 
0.006140 
0.006132 
0.006120 
0.006113 
0.006108 
0.006100 
0.006097 
0.006087 
0.006083 
0.006075 
0.006066 
0.006063 
0.006054 
0.006043 
0.006032 
0.006021 
0.006010 
0.005999 
0.005989 
0.005983 
0.005981 
0.005971 
0.005961 
0.005956 
0.005950 
0.005945 
0.005947 
0.005950 
0.005956 
0.005962 
0.005964 
0.005964 
0.005979 
0.005988 
0.005995 
0.006005 
0.006025 
0.006052 
0.006079 
0.006103 
0.006118 
0.006129 
0.006147 
0.006172 
0.006200 
0.006222 
0.006240 
0.006260 
0.006279 
0.006305 
0.006329 
0.006359 
0.006382 
0.006406 
0.006430 
0.006455 
0.006479 
0.006498 
0.006513 
0.006528 
0.006551 
0.006576 
0.006596 
0.006618 
0.006642 
0.006668 
0.006696 
0.006728 
0.006762 
0.006786 
0.006807 
0.006820 
0.006831 
0.006855 
0.006876 
0.006891 
0.006907 
0.006923 
0.006939 
0.006952 
0.000000 
0.000815 
0.000669 
0.000580 
0.000520 
0.000585 
0.000643 
0.000736 
0.000709 
0.000890 
0.000987 
0.001067 
0.001145 
0.001364 
0.001503 
0.001570 
0.001571 
0.001584 
0.001641 
0.001891 
0.002043 
0.002496 
0.002799 
0.003133 
0.003551 
0.003824 
0.004053 
0.004293 
0.004467 
0.004594 
0.004697 
0.004854 
0.004980 
0.005202 
0.005349 
0.005474 
0.005584 
0.005650 
0.005714 
0.005717 
0.005790 
0.005871 
0.005904 
0.005966 
0.006058 
0.006185 
0.006254 
0.006258 
0.006230 
0.006220 
0.006212 
0.006231 
0.006218 
0.006211 
0.006228 
0.006260 
0.006318 
0.006320 
0.006341 
0.006321 
0.006309 
0.006293 
0.006265 
0.006226 
0.006188 
0.006172 
0.006169 
0.006198 
0.006206 
0.006194 
0.006152 
0.006109 
0.006067 
0.006027 
0.005990 
0.005960 
0.005939 
0.005903 
0.005872 
0.005868 
0.005841 
0.005808 
0.005776 
0.005744 
0.005715 
0.005687 
0.005663 
0.005672 
0.005646 
0.005616 
0.005587 
0.005566 
0.005624 
0.005671 
0.005656 
0.005636 
0.005611 
0.005584 
0.005560 
0.005575 
0.005589 
0.005583 
0.005568 
0.005546 
0.005523 
0.005506 
0.005493 
0.005475 
0.005459 
0.005451 
0.005445 
0.005423 
0.005405 
0.005406 
0.005391 
0.005378 
0.005356 
0.005333 
0.005311 
0.005290 
0.005273 
0.005255 
0.005248 
0.005243 
0.005235 
0.005221 
0.005205 
0.005188 
0.005175 
0.005171 
0.005166 
0.005146 
0.005138 
0.005129 
0.005129 
0.005111 
0.005094 
0.005079 
0.005068 
0.005063 
0.005081 
0.005097 
0.005112 
0.005120 
0.005119 
0.005121 
0.005110 
0.005103 
0.005103 
0.005091 
0.005079 
0.005087 
0.005117 
0.005111 
0.005138 
0.005165 
0.005186 
0.005211 
0.005231 
0.005265 
0.005291 
0.005346 
0.005381 
0.005397 
0.005414 
0.005427 
0.005445 
0.005465 
0.005494 
0.005513 
0.005535 
0.005544 
0.005553 
0.005562 
0.005575 
0.005588 
0.005619 
0.005659 
0.005695 
0.005714 
0.005745 
0.005775 
0.005806 
0.005825 
0.005845 
0.005870 
0.005876 
0.005887 
0.005898 
0.005910 
0.005923 
0.005935 
0.005945 
0.005959 
0.005974 
0.005998 
0.006016 
0.006035 
0.006046 
0.006062 
0.006085 
0.006105 
0.006126 
0.006158 
0.006175 
0.006190 
0.006200 
0.006212 
0.006211 
0.006227 
0.006244 
0.006241 
0.006239 
0.006235 
0.006230 
0.006222 
0.006215 
0.006205 
0.006195 
0.006183 
0.006169 
0.006155 
0.006142 
0.006130 
0.006118 
0.006105 
0.006094 
0.006083 
0.006072 
0.006063 
0.006052 
0.006042 
0.006033 
0.006026 
0.006019 
0.006012 
0.006006 
0.006005 
0.005997 
0.005993 
0.005992 
0.005994 
0.005996 
0.005998 
0.005999 
0.005997 
0.006006 
0.006008 
0.006008 
0.006006 
0.006004 
0.006005 
0.006007 
0.006020 
0.006025 
0.006039 
0.006054 
0.006073 
0.006091 
0.006097 
0.006107 
0.006124 
0.006162 
0.006187 
0.006205 
0.006227 
0.006246 
0.006260 
0.006256 
0.006253 
0.006250 
0.006246 
0.006236 
0.006227 
0.006216 
0.006204 
0.006193 
0.006182 
0.006171 
0.006160 
0.006150 
0.006140 
0.006129 
0.006118 
0.006114 
0.006107 
0.006099 
0.006093 
0.006088 
0.006083 
0.006078 
0.006075 
0.006069 
0.006063 
0.006060 
0.006062 
0.006056 
0.006051 
0.006048 
0.006046 
0.006041 
0.006038 
0.006038 
0.006035 
0.006030 
0.006023 
0.006013 
0.006004 
0.005997 
0.005990 
0.005985 
0.005980 
0.005977 
0.005974 
0.005967 
0.005961 
0.005952 
0.005944 
0.005936 
0.005929 
0.005925 
0.005921 
0.005919 
0.005916 
0.005910 
0.005904 
0.005900 
0.005894 
0.005888 
0.005886 
0.005883 
0.005882 
0.005879 
0.005875 
0.005871 
