0.000000 
0.000188 
0.002624 
0.005094 
0.004777 
0.004843 
0.004833 
0.004851 
0.005179 
0.005768 
0.006817 
0.008278 
0.008814 
0.009304 
0.010012 
0.010686 
0.011399 
0.012241 
0.012942 
0.013340 
0.013675 
0.014069 
0.014578 
0.015210 
0.015299 
0.015305 
0.015409 
0.015510 
0.015520 
0.015423 
0.015308 
0.015209 
0.015098 
0.015003 
0.015065 
0.015148 
0.015159 
0.015159 
0.015181 
0.015235 
0.015319 
0.015275 
0.015238 
0.015097 
0.014947 
0.014813 
0.014697 
0.014570 
0.014490 
0.014440 
0.014522 
0.014540 
0.014459 
0.014377 
0.014342 
0.014404 
0.014472 
0.014472 
0.014544 
0.014801 
0.015034 
0.015201 
0.015369 
0.015571 
0.015862 
0.016074 
0.016234 
0.016336 
0.016461 
0.016648 
0.016830 
0.016997 
0.017196 
0.017266 
0.017365 
0.017653 
0.017773 
0.017894 
0.017968 
0.018106 
0.018219 
0.018287 
0.018303 
0.018364 
0.018410 
0.018425 
0.018496 
0.018537 
0.018568 
0.018623 
0.018771 
0.018924 
0.019074 
0.019259 
0.019453 
0.019651 
0.019787 
0.019911 
0.020062 
0.020190 
0.020303 
0.020456 
0.020660 
0.020841 
0.021001 
0.021175 
0.021377 
0.021543 
0.021709 
0.021854 
0.022021 
0.022217 
0.022314 
0.022352 
0.022388 
0.022361 
0.022325 
0.022263 
0.022259 
0.022267 
0.022323 
0.022384 
0.022440 
0.022509 
0.022591 
0.022657 
0.022752 
0.022853 
0.022957 
0.023054 
0.023098 
0.023163 
0.023313 
0.023503 
0.023720 
0.023971 
0.024255 
0.024465 
0.024689 
0.025005 
0.025338 
0.025638 
0.025898 
0.026070 
0.026198 
0.026287 
0.026403 
0.026511 
0.026586 
0.026639 
0.026697 
0.026785 
0.026812 
0.026865 
0.026907 
0.026906 
0.026917 
0.026926 
0.026921 
0.026912 
0.026887 
0.026879 
0.026854 
0.026817 
0.026778 
0.026754 
0.026724 
0.026709 
0.026688 
0.026662 
0.026620 
0.026589 
0.026560 
0.026528 
0.026497 
0.026474 
0.026470 
0.026454 
0.026416 
0.026382 
0.026345 
0.026311 
0.026276 
0.026248 
0.026215 
0.026191 
0.026172 
0.026153 
0.026124 
0.026092 
0.026049 
0.026007 
0.025966 
0.025938 
0.025904 
0.025872 
0.025832 
0.025799 
0.025767 
0.025734 
0.025704 
0.025681 
0.025653 
0.025623 
0.025589 
0.025556 
0.025521 
0.025484 
0.025448 
0.025405 
0.025365 
0.025320 
0.025272 
0.025229 
0.025193 
0.025160 
0.025122 
0.025081 
0.025035 
0.024988 
0.024944 
0.024892 
0.024844 
0.024796 
0.024747 
0.024694 
0.024641 
0.024590 
0.024537 
0.024485 
0.024435 
0.024382 
0.024332 
0.024281 
0.024229 
0.024179 
0.024130 
0.024081 
0.024033 
0.023986 
0.023940 
0.023892 
0.023844 
0.023796 
0.023749 
0.023702 
0.023654 
0.023611 
0.023566 
0.023519 
0.023474 
0.023432 
0.023393 
0.023352 
0.023313 
0.023276 
0.023247 
0.023226 
0.023201 
0.023176 
0.023151 
0.023125 
0.023100 
0.023069 
0.023039 
0.023011 
0.022981 
0.022948 
0.022920 
0.022891 
0.022867 
0.022850 
0.022827 
0.022803 
0.022777 
0.022756 
0.022720 
0.022689 
0.022656 
0.022621 
0.022582 
0.022542 
0.022502 
0.022462 
0.022423 
0.022384 
0.022345 
0.022306 
0.022268 
0.022229 
0.022191 
0.022154 
0.022117 
0.022080 
0.022043 
0.022006 
0.021969 
0.021933 
0.021897 
0.021861 
0.021824 
0.021789 
0.021754 
0.021720 
0.021688 
0.021652 
0.021618 
0.021583 
0.021549 
0.021515 
0.021482 
0.021452 
0.021419 
0.021386 
0.021355 
0.021322 
0.021292 
0.021259 
0.021226 
0.021193 
0.021161 
0.021130 
0.021104 
0.021075 
0.021044 
0.021012 
0.020981 
0.020949 
0.020917 
0.020885 
0.020855 
0.020827 
0.020797 
0.020770 
0.020741 
0.020714 
0.000000 
0.000456 
0.002457 
0.004284 
0.004386 
0.004008 
0.003711 
0.003946 
0.003906 
0.004837 
0.005522 
0.006163 
0.006763 
0.007107 
0.007146 
0.007254 
0.007479 
0.008282 
0.009202 
0.009484 
0.009594 
0.009889 
0.010098 
0.010223 
0.010031 
0.009837 
0.009659 
0.009521 
0.009356 
0.009199 
0.009050 
0.008908 
0.008774 
0.008644 
0.008520 
0.008401 
0.008312 
0.008302 
0.008318 
0.008348 
0.008416 
0.008455 
0.008596 
0.008724 
0.008925 
0.009093 
0.009235 
0.009377 
0.009555 
0.009590 
0.009583 
0.009577 
0.009573 
0.009532 
0.009452 
0.009402 
0.009403 
0.009510 
0.009604 
0.009766 
0.009861 
0.009953 
0.010072 
0.010278 
0.010436 
0.010650 
0.010752 
0.010941 
0.011134 
0.011359 
0.011525 
0.011678 
0.011811 
0.011822 
0.011825 
0.011887 
0.011988 
0.012101 
0.012233 
0.012338 
0.012322 
0.012325 
0.012338 
0.012334 
0.012311 
0.012305 
0.012279 
0.012243 
0.012218 
0.012200 
0.012224 
0.012237 
0.012294 
0.012338 
0.012435 
0.012550 
0.012613 
0.012679 
0.012783 
0.012824 
0.012899 
0.012977 
0.013038 
0.013142 
0.013202 
0.013266 
0.013334 
0.013422 
0.013521 
0.013599 
0.013680 
0.013753 
0.013810 
0.013839 
0.013826 
0.013806 
0.013748 
0.013712 
0.013697 
0.013695 
0.013674 
0.013654 
0.013657 
0.013666 
0.013681 
0.013682 
0.013722 
0.013730 
0.013761 
0.013767 
0.013826 
0.013909 
0.014111 
0.014261 
0.014457 
0.014698 
0.014967 
0.015210 
0.015454 
0.015656 
0.015933 
0.016222 
0.016392 
0.016546 
0.016666 
0.016770 
0.016897 
0.016961 
0.017061 
0.017124 
0.017104 
0.017177 
0.017215 
0.017216 
0.017224 
0.017203 
0.017182 
0.017177 
0.017143 
0.017115 
0.017076 
0.017054 
0.017031 
0.016990 
0.016941 
0.016891 
0.016848 
0.016820 
0.016784 
0.016750 
0.016714 
0.016686 
0.016663 
0.016634 
0.016611 
0.016582 
0.016552 
0.016516 
0.016485 
0.016450 
0.016416 
0.016389 
0.016360 
0.016328 
0.016296 
0.016260 
0.016227 
0.016199 
0.016175 
0.016134 
0.016096 
0.016059 
0.016022 
0.015993 
0.015970 
0.015940 
0.015906 
0.015869 
0.015834 
0.015801 
0.015771 
0.015744 
0.015714 
0.015683 
0.015654 
0.015617 
0.015579 
0.015549 
0.015514 
0.015479 
0.015443 
0.015411 
0.015375 
0.015342 
0.015309 
0.015274 
0.015246 
0.015211 
0.015182 
0.015150 
0.015117 
0.015088 
0.015054 
0.015020 
0.014987 
0.014954 
0.014921 
0.014889 
0.014858 
0.014828 
0.014798 
0.014766 
0.014735 
0.014705 
0.014677 
0.014650 
0.014623 
0.014600 
0.014571 
0.014546 
0.014523 
0.014497 
0.014471 
0.014448 
0.014421 
0.014393 
0.014370 
0.014347 
0.014325 
0.014301 
0.014275 
0.014252 
0.014227 
0.014209 
0.014185 
0.014184 
0.014170 
0.014158 
0.014145 
0.014148 
0.014131 
0.014121 
0.014098 
0.014074 
0.014049 
0.014031 
0.014014 
0.014004 
0.013995 
0.013994 
0.013990 
0.013988 
0.014003 
0.014003 
0.013985 
0.013972 
0.013947 
0.013925 
0.013922 
0.013897 
0.013874 
0.013850 
0.013826 
0.013803 
0.013780 
0.013756 
0.013732 
0.013709 
0.013685 
0.013663 
0.013641 
0.013619 
0.013595 
0.013574 
0.013552 
0.013530 
0.013509 
0.013491 
0.013472 
0.013450 
0.013433 
0.013413 
0.013395 
0.013379 
0.013359 
0.013338 
0.013317 
0.013296 
0.013274 
0.013254 
0.013233 
0.013212 
0.013193 
0.013172 
0.013151 
0.013131 
0.013110 
0.013089 
0.013069 
0.013048 
0.013028 
0.013008 
0.012988 
0.012970 
0.012951 
0.012931 
0.012913 
0.012895 
0.012877 
0.012860 
0.012842 
0.012823 
0.012804 
0.012790 
0.012772 
0.012754 
0.000000 
0.002656 
0.003349 
0.002900 
0.003009 
0.002905 
0.002778 
0.003244 
0.003316 
0.003206 
0.003143 
0.004153 
0.004158 
0.004021 
0.004111 
0.004523 
0.004578 
0.004892 
0.004921 
0.004924 
0.005033 
0.005304 
0.005478 
0.005826 
0.005794 
0.005910 
0.005903 
0.005939 
0.005887 
0.005792 
0.005713 
0.005636 
0.005551 
0.005470 
0.005392 
0.005332 
0.005261 
0.005227 
0.005266 
0.005250 
0.005363 
0.005361 
0.005403 
0.005386 
0.005435 
0.005385 
0.005346 
0.005344 
0.005427 
0.005376 
0.005349 
0.005301 
0.005282 
0.005234 
0.005216 
0.005246 
0.005296 
0.005504 
0.005587 
0.005818 
0.006019 
0.006210 
0.006463 
0.006741 
0.007055 
0.007274 
0.007409 
0.007617 
0.007952 
0.008383 
0.008762 
0.009156 
0.009333 
0.009449 
0.009580 
0.009866 
0.010222 
0.010577 
0.010882 
0.011154 
0.011328 
0.011462 
0.011537 
0.011553 
0.011553 
0.011522 
0.011494 
0.011534 
0.011553 
0.011621 
0.011735 
0.011939 
0.012134 
0.012368 
0.012553 
0.012654 
0.012741 
0.012871 
0.013040 
0.013138 
0.013247 
0.013348 
0.013502 
0.013728 
0.013890 
0.014061 
0.014198 
0.014356 
0.014465 
0.014601 
0.014731 
0.014864 
0.015015 
0.015142 
0.015236 
0.015299 
0.015289 
0.015257 
0.015203 
0.015183 
0.015181 
0.015179 
0.015188 
0.015235 
0.015285 
0.015326 
0.015394 
0.015478 
0.015613 
0.015726 
0.015857 
0.015996 
0.016216 
0.016465 
0.016746 
0.016949 
0.017250 
0.017504 
0.017751 
0.017972 
0.018195 
0.018460 
0.018714 
0.018985 
0.019163 
0.019277 
0.019463 
0.019654 
0.019805 
0.019879 
0.019969 
0.020058 
0.020119 
0.020191 
0.020244 
0.020262 
0.020273 
0.020283 
0.020275 
0.020252 
0.020250 
0.020248 
0.020236 
0.020242 
0.020237 
0.020210 
0.020178 
0.020141 
0.020112 
0.020085 
0.020071 
0.020060 
0.020038 
0.020029 
0.020018 
0.020012 
0.019991 
0.019960 
0.019936 
0.019907 
0.019892 
0.019879 
0.019867 
0.019854 
0.019831 
0.019810 
0.019777 
0.019748 
0.019724 
0.019691 
0.019672 
0.019654 
0.019625 
0.019592 
0.019565 
0.019530 
0.019488 
0.019450 
0.019415 
0.019389 
0.019353 
0.019313 
0.019279 
0.019252 
0.019228 
0.019202 
0.019175 
0.019150 
0.019126 
0.019088 
0.019047 
0.019007 
0.018972 
0.018937 
0.018905 
0.018870 
0.018836 
0.018798 
0.018758 
0.018726 
0.018686 
0.018646 
0.018604 
0.018563 
0.018526 
0.018488 
0.018449 
0.018408 
0.018368 
0.018330 
0.018291 
0.018252 
0.018213 
0.018174 
0.018136 
0.018099 
0.018061 
0.018024 
0.017986 
0.017951 
0.017917 
0.017880 
0.017844 
0.017812 
0.017781 
0.017750 
0.017728 
0.017709 
0.017683 
0.017659 
0.017634 
0.017613 
0.017589 
0.017562 
0.017546 
0.017532 
0.017524 
0.017528 
0.017530 
0.017512 
0.017495 
0.017505 
0.017487 
0.017463 
0.017441 
0.017416 
0.017399 
0.017378 
0.017368 
0.017354 
0.017335 
0.017318 
0.017311 
0.017300 
0.017282 
0.017256 
0.017226 
0.017201 
0.017183 
0.017164 
0.017134 
0.017104 
0.017077 
0.017048 
0.017022 
0.016995 
0.016966 
0.016939 
0.016911 
0.016885 
0.016856 
0.016827 
0.016799 
0.016771 
0.016743 
0.016718 
0.016692 
0.016664 
0.016636 
0.016608 
0.016581 
0.016554 
0.016537 
0.016510 
0.016483 
0.016456 
0.016429 
0.016403 
0.016377 
0.016351 
0.016326 
0.016300 
0.016274 
0.016249 
0.016223 
0.016197 
0.016172 
0.016147 
0.016122 
0.016098 
0.016073 
0.016048 
0.016027 
0.016005 
0.015981 
0.015957 
0.015932 
0.015909 
0.015892 
0.015880 
0.015858 
0.015837 
0.015814 
0.015793 
0.015774 
0.015757 
