testImg/005626.png	0.0498	1.0000	-0.9502	0.23
testImg/006389.png	0.0183	1.0000	-0.9817	0.24
testImg/006692.png	0.0183	1.0000	-0.9817	0.27
testImg/006502.png	1.0000	1.0000	0.0000	0.21
testImg/005960.png	-0.9933	0.0000	-0.9933	0.26
testImg/005435.png	0.0498	1.0000	-0.9502	0.25
testImg/005474.png	0.1353	1.0000	-0.8647	0.19
testImg/003530.png	0.0498	1.0000	-0.9502	0.23
testImg/006282.png	0.1353	1.0000	-0.8647	0.22
testImg/006002.png	0.3679	1.0000	-0.6321	0.22
testImg/007475.png	0.0067	1.0000	-0.9933	0.21
testImg/004106.png	0.0183	1.0000	-0.9817	0.22
testImg/004205.png	0.3679	1.0000	-0.6321	0.18
testImg/005697.png	-0.9817	0.0000	-0.9817	0.23
testImg/006546.png	-0.9817	0.0000	-0.9817	0.22
testImg/005839.png	-0.9502	0.0000	-0.9502	0.24
testImg/006925.png	1.0000	1.0000	0.0000	0.19
testImg/004074.png	0.0067	1.0000	-0.9933	0.21
testImg/006902.png	0.0009	1.0000	-0.9991	0.25
testImg/004021.png	1.0000	1.0000	0.0000	0.21
testImg/007210.png	0.0000	1.0000	-1.0000	0.26
testImg/004302.png	0.0000	0.0000	0.0000	0.2
testImg/004391.png	-0.9817	0.0000	-0.9817	0.23
testImg/005254.png	0.0498	1.0000	-0.9502	0.2
testImg/007163.png	-0.9933	0.0000	-0.9933	0.23
testImg/005509.png	0.0498	1.0000	-0.9502	0.22
testImg/005929.png	0.0000	1.0000	-1.0000	0.23
testImg/006111.png	0.0025	1.0000	-0.9975	0.27
testImg/007154.png	1.0000	1.0000	0.0000	0.2
testImg/006814.png	-0.9933	0.0000	-0.9933	0.24
testImg/004494.png	0.0000	0.0000	0.0000	0.23
testImg/006877.png	-0.9975	0.0000	-0.9975	0.24
testImg/004872.png	0.3679	1.0000	-0.6321	0.21
testImg/006173.png	0.3679	1.0000	-0.6321	0.21
testImg/005473.png	-0.8647	0.0000	-0.8647	0.23
testImg/004101.png	0.1353	1.0000	-0.8647	0.21
testImg/005705.png	0.0498	1.0000	-0.9502	0.25
testImg/004591.png	0.3679	1.0000	-0.6321	0.18
testImg/005452.png	0.3679	1.0000	-0.6321	0.19
testImg/005593.png	0.0498	1.0000	-0.9502	0.21
testImg/006209.png	1.0000	1.0000	0.0000	0.19
testImg/007021.png	0.0183	1.0000	-0.9817	0.27
testImg/003875.png	0.3679	1.0000	-0.6321	0.2
testImg/006598.png	0.0000	1.0000	-1.0000	0.26
testImg/005944.png	1.0000	1.0000	0.0000	0.23
testImg/005592.png	0.0183	1.0000	-0.9817	0.2
testImg/005387.png	1.0000	1.0000	0.0000	0.21
testImg/003562.png	1.0000	1.0000	0.0000	0.2
testImg/007421.png	-0.9991	0.0000	-0.9991	0.27
testImg/006562.png	0.3679	1.0000	-0.6321	0.25
testImg/004045.png	0.1353	1.0000	-0.8647	0.26
testImg/006281.png	0.0183	1.0000	-0.9817	0.22
testImg/003631.png	0.1353	1.0000	-0.8647	0.21
testImg/004008.png	1.0000	1.0000	0.0000	0.19
testImg/005870.png	0.0498	1.0000	-0.9502	0.23
testImg/006255.png	-0.9817	0.0000	-0.9817	0.23
testImg/006721.png	0.0003	1.0000	-0.9997	0.23
testImg/007455.png	0.3679	1.0000	-0.6321	0.19
testImg/004863.png	0.3679	1.0000	-0.6321	0.22
testImg/004847.png	1.0000	1.0000	0.0000	0.23
testImg/006931.png	1.0000	1.0000	0.0000	0.2
testImg/007204.png	0.0183	1.0000	-0.9817	0.22
testImg/007174.png	-0.9933	0.0000	-0.9933	0.25
testImg/007227.png	1.0000	1.0000	0.0000	0.18
testImg/004561.png	0.3679	1.0000	-0.6321	0.24
testImg/006397.png	0.0183	1.0000	-0.9817	0.27
testImg/003683.png	0.1353	1.0000	-0.8647	0.2
testImg/006875.png	0.0000	0.0000	0.0000	0.19
testImg/004507.png	1.0000	1.0000	0.0000	0.25
testImg/005140.png	0.0183	1.0000	-0.9817	0.21
testImg/006133.png	0.1353	1.0000	-0.8647	0.19
testImg/004766.png	0.0067	1.0000	-0.9933	0.25
testImg/005544.png	0.0003	1.0000	-0.9997	0.27
testImg/004606.png	0.0000	0.0000	0.0000	0.22
testImg/004647.png	0.0067	1.0000	-0.9933	0.24
testImg/007132.png	1.0000	1.0000	0.0000	0.23
testImg/007279.png	0.3679	1.0000	-0.6321	0.19
testImg/006653.png	0.3679	1.0000	-0.6321	0.19
testImg/006657.png	1.0000	1.0000	0.0000	0.23
testImg/006197.png	-0.9933	0.0000	-0.9933	0.26
testImg/006662.png	0.0067	1.0000	-0.9933	0.26
testImg/004366.png	0.0183	1.0000	-0.9817	0.23
testImg/005987.png	0.0009	1.0000	-0.9991	0.24
testImg/007478.png	0.0067	1.0000	-0.9933	0.21
testImg/006226.png	0.0183	1.0000	-0.9817	0.21
testImg/005871.png	0.0025	1.0000	-0.9975	0.21
testImg/007232.png	-0.9817	0.0000	-0.9817	0.22
testImg/006548.png	0.0025	1.0000	-0.9975	0.21
testImg/003668.png	0.0498	1.0000	-0.9502	0.24
testImg/004866.png	0.0498	1.0000	-0.9502	0.23
testImg/005063.png	0.1353	1.0000	-0.8647	0.2
testImg/005178.png	0.0025	1.0000	-0.9975	0.27
testImg/005923.png	0.0183	1.0000	-0.9817	0.21
testImg/006688.png	-0.9975	0.0000	-0.9975	0.28
testImg/006958.png	-0.9502	0.0000	-0.9502	0.24
testImg/006757.png	0.3679	1.0000	-0.6321	0.25
testImg/005308.png	0.1353	1.0000	-0.8647	0.22
testImg/005131.png	1.0000	1.0000	0.0000	0.18
testImg/006358.png	0.0498	1.0000	-0.9502	0.21
testImg/003553.png	0.1353	1.0000	-0.8647	0.21
testImg/005120.png	0.3679	1.0000	-0.6321	0.19
testImg/006149.png	0.0001	1.0000	-0.9999	0.28
testImg/005148.png	-0.9975	0.0000	-0.9975	0.27
testImg/006913.png	1.0000	1.0000	0.0000	0.22
testImg/005809.png	-0.9502	0.0000	-0.9502	0.21
testImg/005873.png	-0.6321	0.0000	-0.6321	0.22
testImg/006559.png	0.0025	1.0000	-0.9975	0.23
testImg/007470.png	0.3679	1.0000	-0.6321	0.19
testImg/006623.png	0.0009	1.0000	-0.9991	0.27
testImg/006005.png	-0.8647	0.0000	-0.8647	0.24
testImg/006117.png	0.0025	1.0000	-0.9975	0.25
testImg/005993.png	0.3679	1.0000	-0.6321	0.22
testImg/005299.png	1.0000	1.0000	0.0000	0.23
testImg/006954.png	0.3679	1.0000	-0.6321	0.25
testImg/007157.png	0.0067	1.0000	-0.9933	0.24
testImg/005262.png	0.0498	1.0000	-0.9502	0.23
testImg/005742.png	0.0067	1.0000	-0.9933	0.2
testImg/003741.png	0.1353	1.0000	-0.8647	0.19
testImg/006920.png	0.0025	1.0000	-0.9975	0.25
testImg/003695.png	-0.9933	0.0000	-0.9933	0.26
testImg/005167.png	0.3679	1.0000	-0.6321	0.24
testImg/005303.png	0.0498	1.0000	-0.9502	0.26
testImg/006816.png	1.0000	1.0000	0.0000	0.2
testImg/005419.png	-0.9991	0.0000	-0.9991	0.27
testImg/006440.png	0.0498	1.0000	-0.9502	0.24
testImg/006322.png	0.1353	1.0000	-0.8647	0.28
testImg/004953.png	0.1353	1.0000	-0.8647	0.22
testImg/006777.png	-0.9975	0.0000	-0.9975	0.24
testImg/005718.png	0.0003	1.0000	-0.9997	0.3
testImg/004242.png	0.1353	1.0000	-0.8647	0.25
testImg/006037.png	-0.9817	0.0000	-0.9817	0.26
testImg/004623.png	0.0183	1.0000	-0.9817	0.23
testImg/006277.png	0.3679	1.0000	-0.6321	0.23
testImg/004464.png	-0.6321	0.0000	-0.6321	0.23
testImg/003993.png	0.0001	1.0000	-0.9999	0.24
testImg/005749.png	1.0000	1.0000	0.0000	0.23
testImg/004767.png	-0.8647	0.0000	-0.8647	0.23
testImg/005612.png	0.0498	1.0000	-0.9502	0.22
testImg/005498.png	0.0183	1.0000	-0.9817	0.2
testImg/007095.png	0.1353	1.0000	-0.8647	0.2
testImg/005908.png	-1.0000	0.0000	-1.0000	0.24
testImg/004477.png	0.1353	1.0000	-0.8647	0.22
testImg/004439.png	0.0183	1.0000	-0.9817	0.21
testImg/005122.png	0.3679	1.0000	-0.6321	0.22
testImg/004399.png	1.0000	1.0000	0.0000	0.17
testImg/006594.png	0.1353	1.0000	-0.8647	0.21
testImg/005776.png	0.1353	1.0000	-0.8647	0.2
testImg/006537.png	-0.8647	0.0000	-0.8647	0.21
testImg/004514.png	1.0000	1.0000	0.0000	0.2
testImg/004462.png	0.0067	1.0000	-0.9933	0.25
testImg/004804.png	-0.9933	0.0000	-0.9933	0.27
testImg/007276.png	1.0000	1.0000	0.0000	0.21
testImg/005712.png	0.3679	1.0000	-0.6321	0.21
testImg/005764.png	-0.9502	0.0000	-0.9502	0.21
testImg/006930.png	1.0000	1.0000	0.0000	0.18
testImg/006717.png	0.0498	1.0000	-0.9502	0.24
testImg/005597.png	0.1353	1.0000	-0.8647	0.19
testImg/004579.png	-0.6321	0.0000	-0.6321	0.2
testImg/006519.png	-0.9817	0.0000	-0.9817	0.23
testImg/005573.png	0.0067	1.0000	-0.9933	0.21
testImg/005976.png	0.0067	1.0000	-0.9933	0.24
testImg/006332.png	0.3679	1.0000	-0.6321	0.21
testImg/006949.png	-0.9933	0.0000	-0.9933	0.2
testImg/006475.png	0.0067	1.0000	-0.9933	0.2
testImg/004792.png	0.0183	1.0000	-0.9817	0.21
testImg/006161.png	0.0498	1.0000	-0.9502	0.2
testImg/004842.png	0.0183	1.0000	-0.9817	0.27
testImg/006680.png	0.1353	1.0000	-0.8647	0.21
testImg/007313.png	-0.9975	0.0000	-0.9975	0.23
testImg/006763.png	0.3679	1.0000	-0.6321	0.2
testImg/005782.png	0.0498	1.0000	-0.9502	0.2
testImg/004414.png	1.0000	1.0000	0.0000	0.2
testImg/004490.png	-0.9502	0.0000	-0.9502	0.22
testImg/004897.png	0.1353	1.0000	-0.8647	0.21
testImg/006185.png	-0.9933	0.0000	-0.9933	0.23
testImg/006154.png	0.3679	1.0000	-0.6321	0.2
testImg/005662.png	0.1353	1.0000	-0.8647	0.22
testImg/003697.png	-0.9933	0.0000	-0.9933	0.23
testImg/007336.png	-0.8647	0.0000	-0.8647	0.23
testImg/004198.png	0.0067	1.0000	-0.9933	0.21
testImg/006451.png	0.0498	1.0000	-0.9502	0.21
testImg/005364.png	0.0067	1.0000	-0.9933	0.22
testImg/004807.png	0.0067	1.0000	-0.9933	0.22
testImg/006488.png	0.1353	1.0000	-0.8647	0.17
testImg/004741.png	1.0000	1.0000	0.0000	0.17
testImg/004594.png	1.0000	1.0000	0.0000	0.19
testImg/005087.png	0.0025	1.0000	-0.9975	0.25
testImg/005894.png	1.0000	1.0000	0.0000	0.18
testImg/006470.png	-0.9933	0.0000	-0.9933	0.29
testImg/006177.png	1.0000	1.0000	0.0000	0.22
testImg/005797.png	0.0183	1.0000	-0.9817	0.22
testImg/006289.png	0.3679	1.0000	-0.6321	0.2
testImg/006712.png	1.0000	1.0000	0.0000	0.21
testImg/003746.png	0.0183	1.0000	-0.9817	0.24
testImg/004000.png	0.1353	1.0000	-0.8647	0.25
testImg/004243.png	0.0067	1.0000	-0.9933	0.21
testImg/003640.png	-0.6321	0.0000	-0.6321	0.18
testImg/007290.png	1.0000	1.0000	0.0000	0.18
testImg/004990.png	0.0498	1.0000	-0.9502	0.25
testImg/003586.png	1.0000	1.0000	0.0000	0.2
testImg/003709.png	0.3679	1.0000	-0.6321	0.18
testImg/004486.png	0.3679	1.0000	-0.6321	0.2
testImg/004443.png	0.0025	1.0000	-0.9975	0.22
testImg/005354.png	0.0003	1.0000	-0.9997	0.25
testImg/003997.png	1.0000	1.0000	0.0000	0.21
testImg/006457.png	0.3679	1.0000	-0.6321	0.22
testImg/006985.png	0.0498	1.0000	-0.9502	0.26
testImg/006515.png	0.0498	1.0000	-0.9502	0.23
testImg/003924.png	-0.9975	0.0000	-0.9975	0.24
testImg/003815.png	0.0183	1.0000	-0.9817	0.22
testImg/005374.png	0.0025	1.0000	-0.9975	0.25
testImg/005938.png	1.0000	1.0000	0.0000	0.24
testImg/003597.png	0.0009	1.0000	-0.9991	0.24
testImg/003542.png	0.0498	1.0000	-0.9502	0.22
testImg/006346.png	0.0498	1.0000	-0.9502	0.27
testImg/004908.png	-0.9997	0.0000	-0.9997	0.25
testImg/004710.png	0.0067	1.0000	-0.9933	0.21
testImg/005525.png	0.3679	1.0000	-0.6321	0.18
testImg/006398.png	-0.6321	0.0000	-0.6321	0.2
testImg/004358.png	0.1353	1.0000	-0.8647	0.23
testImg/007064.png	-0.6321	0.0000	-0.6321	0.22
testImg/004999.png	0.0498	1.0000	-0.9502	0.23
testImg/007147.png	-0.8647	0.0000	-0.8647	0.22
testImg/007048.png	0.1353	1.0000	-0.8647	0.23
testImg/004307.png	0.0498	1.0000	-0.9502	0.22
testImg/003765.png	0.3679	1.0000	-0.6321	0.22
testImg/006924.png	0.1353	1.0000	-0.8647	0.26
testImg/004707.png	-0.9999	0.0000	-0.9999	0.22
testImg/004014.png	0.0067	1.0000	-0.9933	0.21
testImg/004353.png	-0.8647	0.0000	-0.8647	0.31
testImg/006597.png	-0.9975	0.0000	-0.9975	0.22
testImg/006842.png	0.0183	1.0000	-0.9817	0.27
testImg/005490.png	-0.9991	0.0000	-0.9991	0.29
testImg/005879.png	0.1353	1.0000	-0.8647	0.24
testImg/004131.png	0.0498	1.0000	-0.9502	0.25
testImg/007429.png	0.3679	1.0000	-0.6321	0.21
testImg/004203.png	-0.6321	0.0000	-0.6321	0.2
testImg/005085.png	0.1353	1.0000	-0.8647	0.27
testImg/004867.png	0.0498	1.0000	-0.9502	0.21
testImg/004603.png	-0.9999	0.0000	-0.9999	0.28
testImg/005922.png	0.0000	1.0000	-1.0000	0.28
testImg/004148.png	0.3679	1.0000	-0.6321	0.23
testImg/006084.png	0.0498	1.0000	-0.9502	0.24
testImg/006102.png	0.0025	1.0000	-0.9975	0.27
testImg/007256.png	-0.9999	0.0000	-0.9999	0.23
testImg/005158.png	0.1353	1.0000	-0.8647	0.22
testImg/005531.png	-0.9933	0.0000	-0.9933	0.23
testImg/004022.png	0.1353	1.0000	-0.8647	0.25
testImg/004204.png	0.0183	1.0000	-0.9817	0.22
testImg/004038.png	0.0025	1.0000	-0.9975	0.24
testImg/004016.png	0.0183	1.0000	-0.9817	0.24
testImg/004680.png	0.3679	1.0000	-0.6321	0.23
testImg/005503.png	0.0183	1.0000	-0.9817	0.22
testImg/006391.png	-0.9975	0.0000	-0.9975	0.25
testImg/007187.png	0.0183	1.0000	-0.9817	0.22
testImg/006638.png	0.0498	1.0000	-0.9502	0.25
testImg/006596.png	1.0000	1.0000	0.0000	0.2
testImg/004939.png	0.1353	1.0000	-0.8647	0.24
testImg/006166.png	0.0067	1.0000	-0.9933	0.23
testImg/006239.png	1.0000	1.0000	0.0000	0.2
testImg/004576.png	1.0000	1.0000	0.0000	0.22
testImg/003767.png	0.1353	1.0000	-0.8647	0.23
testImg/005627.png	-0.9933	0.0000	-0.9933	0.23
testImg/005817.png	1.0000	1.0000	0.0000	0.2
testImg/005060.png	0.0183	1.0000	-0.9817	0.26
testImg/004739.png	0.0498	1.0000	-0.9502	0.2
testImg/005590.png	0.0183	1.0000	-0.9817	0.24
testImg/006150.png	-0.9975	0.0000	-0.9975	0.25
testImg/004660.png	0.0498	1.0000	-0.9502	0.25
testImg/004607.png	0.3679	1.0000	-0.6321	0.22
testImg/007121.png	0.0183	1.0000	-0.9817	0.23
testImg/005048.png	0.0067	1.0000	-0.9933	0.24
testImg/005907.png	0.1353	1.0000	-0.8647	0.23
testImg/003825.png	0.1353	1.0000	-0.8647	0.19
testImg/005031.png	0.3679	1.0000	-0.6321	0.2
testImg/006427.png	0.3679	1.0000	-0.6321	0.18
testImg/004247.png	0.3679	1.0000	-0.6321	0.2
testImg/004708.png	-0.9817	0.0000	-0.9817	0.23
testImg/004642.png	0.1353	1.0000	-0.8647	0.25
testImg/004780.png	1.0000	1.0000	0.0000	0.21
testImg/003869.png	0.0183	1.0000	-0.9817	0.24
testImg/007417.png	-0.9502	0.0000	-0.9502	0.2
testImg/006364.png	-0.9997	0.0000	-0.9997	0.25
testImg/003799.png	0.0067	1.0000	-0.9933	0.26
testImg/005604.png	0.0498	1.0000	-0.9502	0.23
testImg/003937.png	0.1353	1.0000	-0.8647	0.22
testImg/005816.png	0.0183	1.0000	-0.9817	0.2
testImg/003544.png	0.3679	1.0000	-0.6321	0.25
testImg/003922.png	1.0000	1.0000	0.0000	0.19
testImg/003737.png	0.3679	1.0000	-0.6321	0.2
testImg/006886.png	0.0183	1.0000	-0.9817	0.25
testImg/005958.png	0.3679	1.0000	-0.6321	0.2
testImg/007043.png	-0.9817	0.0000	-0.9817	0.24
testImg/005147.png	0.0067	1.0000	-0.9933	0.27
testImg/004331.png	0.0067	1.0000	-0.9933	0.21
testImg/006885.png	0.0025	1.0000	-0.9975	0.23
testImg/004743.png	-0.9975	0.0000	-0.9975	0.2
testImg/004966.png	-0.9817	0.0000	-0.9817	0.21
testImg/006972.png	0.0067	1.0000	-0.9933	0.27
testImg/006994.png	1.0000	1.0000	0.0000	0.2
testImg/004127.png	0.0498	1.0000	-0.9502	0.21
testImg/005210.png	0.3679	1.0000	-0.6321	0.2
testImg/007107.png	0.0067	1.0000	-0.9933	0.24
testImg/003622.png	-0.9817	0.0000	-0.9817	0.22
testImg/005935.png	0.0067	1.0000	-0.9933	0.18
testImg/005919.png	0.1353	1.0000	-0.8647	0.21
testImg/005096.png	0.0003	1.0000	-0.9997	0.23
testImg/006990.png	0.3679	1.0000	-0.6321	0.21
testImg/005359.png	0.1353	1.0000	-0.8647	0.21
testImg/003901.png	-0.9817	0.0000	-0.9817	0.26
testImg/004588.png	0.0000	1.0000	-1.0000	0.26
testImg/006017.png	0.0183	1.0000	-0.9817	0.22
testImg/005255.png	-0.9991	0.0000	-0.9991	0.25
testImg/006106.png	0.1353	1.0000	-0.8647	0.23
testImg/004196.png	0.0498	1.0000	-0.9502	0.29
testImg/004488.png	0.0183	1.0000	-0.9817	0.27
testImg/005562.png	0.0498	1.0000	-0.9502	0.21
testImg/006408.png	-0.9933	0.0000	-0.9933	0.22
testImg/003614.png	1.0000	1.0000	0.0000	0.16
testImg/006412.png	1.0000	1.0000	0.0000	0.18
testImg/003925.png	0.1353	1.0000	-0.8647	0.22
testImg/004771.png	0.1353	1.0000	-0.8647	0.27
testImg/005763.png	0.0183	1.0000	-0.9817	0.24
testImg/003730.png	0.0009	1.0000	-0.9991	0.23
testImg/004550.png	0.0025	1.0000	-0.9975	0.27
testImg/006099.png	-0.9502	0.0000	-0.9502	0.24
testImg/004712.png	-0.8647	0.0000	-0.8647	0.22
testImg/007388.png	-1.0000	0.0000	-1.0000	0.26
testImg/003656.png	-0.9502	0.0000	-0.9502	0.23
testImg/003707.png	0.3679	1.0000	-0.6321	0.2
testImg/004991.png	0.0498	1.0000	-0.9502	0.24
testImg/004916.png	0.0025	1.0000	-0.9975	0.26
testImg/006988.png	-0.9502	0.0000	-0.9502	0.21
testImg/004359.png	0.1353	1.0000	-0.8647	0.22
testImg/005567.png	1.0000	1.0000	0.0000	0.21
testImg/006981.png	0.3679	1.0000	-0.6321	0.22
testImg/004761.png	1.0000	1.0000	0.0000	0.2
testImg/006639.png	0.0183	1.0000	-0.9817	0.23
testImg/005165.png	1.0000	1.0000	0.0000	0.18
testImg/006720.png	0.0498	1.0000	-0.9502	0.21
testImg/003888.png	0.3679	1.0000	-0.6321	0.2
testImg/004718.png	0.3679	1.0000	-0.6321	0.23
testImg/004072.png	0.1353	1.0000	-0.8647	0.22
testImg/007367.png	0.0067	1.0000	-0.9933	0.22
testImg/004818.png	0.0183	1.0000	-0.9817	0.25
testImg/004492.png	0.0498	1.0000	-0.9502	0.28
testImg/003571.png	0.3679	1.0000	-0.6321	0.2
testImg/005246.png	0.0498	1.0000	-0.9502	0.23
testImg/003645.png	1.0000	1.0000	0.0000	0.21
testImg/007473.png	-1.0000	0.0000	-1.0000	0.27
testImg/005943.png	0.0009	1.0000	-0.9991	0.2
testImg/006464.png	0.0009	1.0000	-0.9991	0.24
testImg/004346.png	1.0000	1.0000	0.0000	0.21
testImg/005287.png	0.0000	1.0000	-1.0000	0.29
testImg/006670.png	-0.9817	0.0000	-0.9817	0.25
testImg/005062.png	0.0003	1.0000	-0.9997	0.25
testImg/006333.png	0.3679	1.0000	-0.6321	0.25
testImg/004769.png	-0.8647	0.0000	-0.8647	0.22
testImg/005472.png	0.0498	1.0000	-0.9502	0.22
testImg/004481.png	0.0067	1.0000	-0.9933	0.23
testImg/005258.png	1.0000	1.0000	0.0000	0.19
testImg/005282.png	0.0498	1.0000	-0.9502	0.22
testImg/006129.png	0.3679	1.0000	-0.6321	0.22
testImg/006552.png	0.3679	1.0000	-0.6321	0.21
testImg/005507.png	-0.9817	0.0000	-0.9817	0.21
testImg/006469.png	0.0067	1.0000	-0.9933	0.22
testImg/006784.png	0.3679	1.0000	-0.6321	0.19
testImg/003841.png	0.3679	1.0000	-0.6321	0.22
testImg/006780.png	0.0183	1.0000	-0.9817	0.23
testImg/007420.png	0.0025	1.0000	-0.9975	0.2
testImg/004958.png	0.0183	1.0000	-0.9817	0.26
testImg/005540.png	1.0000	1.0000	0.0000	0.2
testImg/005343.png	-0.6321	0.0000	-0.6321	0.21
testImg/006014.png	-0.8647	0.0000	-0.8647	0.21
testImg/007169.png	0.0001	1.0000	-0.9999	0.24
testImg/005838.png	0.0498	1.0000	-0.9502	0.24
testImg/004200.png	-0.9817	0.0000	-0.9817	0.23
testImg/005725.png	0.0067	1.0000	-0.9933	0.22
testImg/004328.png	-0.9975	0.0000	-0.9975	0.23
testImg/007357.png	0.0498	1.0000	-0.9502	0.24
testImg/005296.png	1.0000	1.0000	0.0000	0.18
testImg/006608.png	-0.9817	0.0000	-0.9817	0.25
testImg/006796.png	0.1353	1.0000	-0.8647	0.19
testImg/004304.png	-0.9999	0.0000	-0.9999	0.21
testImg/005174.png	-0.9991	0.0000	-0.9991	0.25
testImg/007281.png	0.1353	1.0000	-0.8647	0.23
testImg/007283.png	-0.9817	0.0000	-0.9817	0.25
testImg/004877.png	0.0025	1.0000	-0.9975	0.26
testImg/006735.png	-0.9975	0.0000	-0.9975	0.21
testImg/005851.png	1.0000	1.0000	0.0000	0.22
testImg/006143.png	0.0003	1.0000	-0.9997	0.25
testImg/006788.png	0.0003	1.0000	-0.9997	0.24
testImg/004715.png	0.0067	1.0000	-0.9933	0.2
testImg/006256.png	0.0067	1.0000	-0.9933	0.23
testImg/006022.png	-0.9933	0.0000	-0.9933	0.23
testImg/005009.png	0.1353	1.0000	-0.8647	0.21
testImg/006741.png	0.1353	1.0000	-0.8647	0.22
testImg/004874.png	0.0067	1.0000	-0.9933	0.23
testImg/005057.png	-0.9817	0.0000	-0.9817	0.26
testImg/006758.png	0.0067	1.0000	-0.9933	0.2
testImg/006693.png	0.0498	1.0000	-0.9502	0.21
testImg/005112.png	0.0009	1.0000	-0.9991	0.26
testImg/006285.png	0.0183	1.0000	-0.9817	0.23
testImg/004992.png	0.0025	1.0000	-0.9975	0.25
testImg/004882.png	0.0009	1.0000	-0.9991	0.26
testImg/004313.png	0.0498	1.0000	-0.9502	0.23
testImg/005344.png	0.0183	1.0000	-0.9817	0.25
testImg/004344.png	-0.9502	0.0000	-0.9502	0.21
testImg/003600.png	1.0000	1.0000	0.0000	0.21
testImg/004673.png	0.0183	1.0000	-0.9817	0.23
testImg/003874.png	0.0183	1.0000	-0.9817	0.21
testImg/004190.png	0.0183	1.0000	-0.9817	0.19
testImg/003644.png	0.1353	1.0000	-0.8647	0.2
testImg/004775.png	0.1353	1.0000	-0.8647	0.23
testImg/007441.png	0.0000	0.0000	0.0000	0.2
testImg/005537.png	0.0498	1.0000	-0.9502	0.23
testImg/007193.png	0.0009	1.0000	-0.9991	0.23
testImg/006087.png	1.0000	1.0000	0.0000	0.17
testImg/005095.png	-0.9502	0.0000	-0.9502	0.21
testImg/006471.png	1.0000	1.0000	0.0000	0.2
testImg/005448.png	0.0498	1.0000	-0.9502	0.26
testImg/005322.png	0.0001	1.0000	-0.9999	0.25
testImg/005786.png	0.0025	1.0000	-0.9975	0.24
testImg/004666.png	-0.9997	0.0000	-0.9997	0.22
testImg/006357.png	1.0000	1.0000	0.0000	0.18
testImg/005732.png	0.1353	1.0000	-0.8647	0.23
testImg/004334.png	0.0183	1.0000	-0.9817	0.24
testImg/004335.png	1.0000	1.0000	0.0000	0.25
testImg/006433.png	0.1353	1.0000	-0.8647	0.22
testImg/005534.png	-0.9817	0.0000	-0.9817	0.24
testImg/003992.png	-0.6321	0.0000	-0.6321	0.22
testImg/005099.png	0.1353	1.0000	-0.8647	0.21
testImg/006212.png	0.3679	1.0000	-0.6321	0.2
testImg/004141.png	0.0183	1.0000	-0.9817	0.22
testImg/003732.png	0.3679	1.0000	-0.6321	0.21
testImg/005550.png	0.3679	1.0000	-0.6321	0.2
testImg/005211.png	0.1353	1.0000	-0.8647	0.2
testImg/005671.png	0.3679	1.0000	-0.6321	0.2
testImg/006540.png	0.1353	1.0000	-0.8647	0.19
testImg/004052.png	0.0183	1.0000	-0.9817	0.29
testImg/006946.png	0.1353	1.0000	-0.8647	0.23
testImg/004476.png	-0.9502	0.0000	-0.9502	0.22
testImg/006241.png	0.3679	1.0000	-0.6321	0.2
testImg/007008.png	0.3679	1.0000	-0.6321	0.18
testImg/005304.png	-0.9975	0.0000	-0.9975	0.22
testImg/005180.png	-0.9817	0.0000	-0.9817	0.22
testImg/006159.png	0.0003	1.0000	-0.9997	0.22
testImg/006018.png	0.1353	1.0000	-0.8647	0.26
testImg/004942.png	0.0498	1.0000	-0.9502	0.22
testImg/005801.png	0.0498	1.0000	-0.9502	0.2
testImg/003807.png	-0.9817	0.0000	-0.9817	0.2
testImg/006114.png	0.1353	1.0000	-0.8647	0.21
testImg/006343.png	1.0000	1.0000	0.0000	0.2
testImg/004246.png	0.0183	1.0000	-0.9817	0.23
testImg/006029.png	0.3679	1.0000	-0.6321	0.2
testImg/003558.png	0.0498	1.0000	-0.9502	0.21
testImg/006147.png	0.3679	1.0000	-0.6321	0.22
testImg/004418.png	0.1353	1.0000	-0.8647	0.21
testImg/004742.png	0.0183	1.0000	-0.9817	0.24
testImg/006794.png	0.0498	1.0000	-0.9502	0.24
testImg/007183.png	-0.9975	0.0000	-0.9975	0.23
testImg/005022.png	-0.9933	0.0000	-0.9933	0.24
testImg/006674.png	0.0498	1.0000	-0.9502	0.25
testImg/003674.png	0.0183	1.0000	-0.9817	0.23
testImg/004068.png	-0.8647	0.0000	-0.8647	0.25
testImg/004445.png	-0.6321	0.0000	-0.6321	0.24
testImg/003866.png	1.0000	1.0000	0.0000	0.22
testImg/005495.png	0.0025	1.0000	-0.9975	0.25
testImg/004170.png	0.0067	1.0000	-0.9933	0.26
testImg/005438.png	0.0025	1.0000	-0.9975	0.25
testImg/004058.png	-0.9933	0.0000	-0.9933	0.23
testImg/007115.png	0.3679	1.0000	-0.6321	0.19
testImg/004006.png	0.0183	1.0000	-0.9817	0.22
testImg/005740.png	0.1353	1.0000	-0.8647	0.21
testImg/006797.png	1.0000	1.0000	0.0000	0.21
testImg/006694.png	0.0003	1.0000	-0.9997	0.28
testImg/006432.png	0.1353	1.0000	-0.8647	0.23
testImg/006833.png	-0.9997	0.0000	-0.9997	0.28
testImg/006027.png	0.0003	1.0000	-0.9997	0.21
testImg/007424.png	0.0025	1.0000	-0.9975	0.26
testImg/005814.png	0.0498	1.0000	-0.9502	0.24
testImg/007139.png	0.1353	1.0000	-0.8647	0.24
testImg/003692.png	0.0025	1.0000	-0.9975	0.23
testImg/005459.png	0.0498	1.0000	-0.9502	0.24
testImg/005162.png	0.0498	1.0000	-0.9502	0.27
testImg/005861.png	0.0183	1.0000	-0.9817	0.22
testImg/006604.png	0.0183	1.0000	-0.9817	0.24
testImg/007410.png	1.0000	1.0000	0.0000	0.2
testImg/006348.png	0.3679	1.0000	-0.6321	0.19
testImg/005634.png	-0.8647	0.0000	-0.8647	0.28
testImg/006568.png	0.0003	1.0000	-0.9997	0.25
testImg/006973.png	0.3679	1.0000	-0.6321	0.21
testImg/003673.png	0.0498	1.0000	-0.9502	0.22
testImg/005341.png	0.0003	1.0000	-0.9997	0.22
testImg/004099.png	0.1353	1.0000	-0.8647	0.22
testImg/005632.png	0.3679	1.0000	-0.6321	0.2
testImg/007196.png	0.0498	1.0000	-0.9502	0.24
testImg/007234.png	0.1353	1.0000	-0.8647	0.21
testImg/003757.png	0.1353	1.0000	-0.8647	0.21
testImg/006964.png	-0.9502	0.0000	-0.9502	0.22
