1.893
1.893
1.893
1.893
1.839
1.839
1.839
1.839
1.896
1.896
1.896
1.896
1.893
1.893
1.893
1.893
1.893
1.893
1.893
1.893
2.713
2.713
2.713
2.713
2.866
2.866
2.866
2.866
2.129
2.129
2.129
2.129
2.767
2.767
2.767
2.767
2.935
2.935
2.935
2.935
2.942
2.942
2.942
2.942
3.030
3.030
3.030
3.030
2.931
2.931
2.931
2.931
2.942
2.942
2.942
2.942
2.992
2.992
2.992
2.992
2.919
2.919
2.919
2.919
2.965
2.965
2.965
2.965
2.576
2.576
2.576
2.576
2.660
2.660
2.660
2.660
2.576
2.576
2.576
2.576
2.584
2.584
2.584
2.584
2.557
2.557
2.557
2.557
2.542
2.542
2.542
2.542
2.553
2.553
2.553
2.553
2.545
2.545
2.545
2.545
2.587
2.587
2.587
2.587
2.553
2.553
2.553
2.553
2.496
2.496
2.496
2.496
3.286
3.286
3.286
3.286
2.202
2.202
2.202
2.202
1.935
1.935
1.935
1.935
2.816
2.816
2.816
2.816
2.580
2.580
2.580
2.580
2.190
2.190
2.190
2.190
2.152
2.152
2.152
2.152
2.328
2.328
2.328
2.328
2.438
2.438
2.438
2.438
2.694
2.694
2.694
2.694
2.706
2.706
2.706
2.706
2.435
2.435
2.435
2.435
2.946
2.946
2.946
2.946
2.347
2.347
2.347
2.347
2.114
2.114
2.114
2.114
1.965
1.965
1.965
1.965
2.049
2.049
2.049
2.049
1.824
1.824
1.824
1.824
2.698
2.698
2.698
2.698
2.778
2.778
2.778
2.778
2.793
2.793
2.793
2.793
2.164
2.164
2.164
2.164
2.488
2.488
2.488
2.488
2.290
2.290
2.290
2.290
2.251
2.251
2.251
2.251
2.125
2.125
2.125
2.125
2.232
2.232
2.232
2.232
2.820
2.820
2.820
2.820
2.595
2.595
2.595
2.595
2.542
2.542
2.542
2.542
2.282
2.282
2.282
2.282
1.889
1.889
1.889
1.889
1.965
1.965
1.965
1.965
1.839
1.839
1.839
1.839
2.064
2.064
2.064
2.064
1.881
1.881
1.881
1.881
2.427
2.427
2.427
2.427
2.290
2.290
2.290
2.290
2.324
2.324
2.324
2.324
1.961
1.961
1.961
1.961
2.129
2.129
2.129
2.129
2.366
2.366
2.366
2.366
2.000
2.000
2.000
2.000
1.893
1.893
1.893
1.893
2.179
2.179
2.179
2.179
2.580
2.580
2.580
2.580
2.717
2.717
2.717
2.717
2.404
2.404
2.404
2.404
2.522
2.522
2.522
2.522
2.828
2.828
2.828
2.828
2.007
2.007
2.007
2.007
2.110
2.110
2.110
2.110
3.003
3.003
3.003
3.003
1.977
1.977
1.977
1.977
2.137
2.137
2.137
2.137
2.251
2.251
2.251
2.251
2.175
2.175
2.175
2.175
2.148
2.148
2.148
2.148
1.961
1.961
1.961
1.961
2.278
2.278
2.278
2.278
1.854
1.854
1.854
1.854
1.790
1.790
1.790
1.790
2.408
2.408
2.408
2.408
2.553
2.553
2.553
2.553
2.061
2.061
2.061
2.061
2.366
2.366
2.366
2.366
1.877
1.877
1.877
1.877
1.771
1.771
1.771
1.771
1.912
1.912
1.912
1.912
