1.900
1.900
1.900
1.900
1.557
1.557
1.557
1.557
1.557
1.557
1.557
1.557
2.221
2.221
2.221
2.221
2.507
2.507
2.507
2.507
1.965
1.965
1.965
1.965
2.209
2.209
2.209
2.209
2.599
2.599
2.599
2.599
2.484
2.484
2.484
2.484
1.832
1.832
1.832
1.832
2.870
2.870
2.870
2.870
2.580
2.580
2.580
2.580
2.637
2.637
2.637
2.637
2.553
2.553
2.553
2.553
2.667
2.667
2.667
2.667
2.542
2.542
2.542
2.542
2.637
2.637
2.637
2.637
2.587
2.587
2.587
2.587
2.507
2.507
2.507
2.507
2.538
2.538
2.538
2.538
2.725
2.725
2.725
2.725
2.885
2.885
2.885
2.885
2.874
2.874
2.874
2.874
2.564
2.564
2.564
2.564
2.580
2.580
2.580
2.580
3.538
3.538
3.538
3.538
2.942
2.942
2.942
2.942
2.748
2.748
2.748
2.748
2.137
2.137
2.137
2.137
2.045
2.045
2.045
2.045
1.805
1.805
1.805
1.805
2.110
2.110
2.110
2.110
2.049
2.049
2.049
2.049
2.301
2.301
2.301
2.301
2.774
2.774
2.774
2.774
2.442
2.442
2.442
2.442
2.087
2.087
2.087
2.087
2.515
2.515
2.515
2.515
3.164
3.164
3.164
3.164
2.584
2.584
2.584
2.584
2.286
2.286
2.286
2.286
1.839
1.839
1.839
1.839
1.908
1.908
1.908
1.908
1.858
1.858
1.858
1.858
2.629
2.629
2.629
2.629
2.652
2.652
2.652
2.652
2.103
2.103
2.103
2.103
2.797
2.797
2.797
2.797
2.763
2.763
2.763
2.763
2.492
2.492
2.492
2.492
2.244
2.244
2.244
2.244
2.355
2.355
2.355
2.355
2.324
2.324
2.324
2.324
2.297
2.297
2.297
2.297
2.969
2.969
2.969
2.969
2.591
2.591
2.591
2.591
2.713
2.713
2.713
2.713
2.064
2.064
2.064
2.064
2.064
2.064
2.064
2.064
1.946
1.946
1.946
1.946
2.152
2.152
2.152
2.152
2.465
2.465
2.465
2.465
2.133
2.133
2.133
2.133
2.706
2.706
2.706
2.706
2.763
2.763
2.763
2.763
2.416
2.416
2.416
2.416
2.740
2.740
2.740
2.740
2.763
2.763
2.763
2.763
2.377
2.377
2.377
2.377
2.007
2.007
2.007
2.007
2.366
2.366
2.366
2.366
2.809
2.809
2.809
2.809
2.824
2.824
2.824
2.824
2.660
2.660
2.660
2.660
2.709
2.709
2.709
2.709
2.694
2.694
2.694
2.694
2.542
2.542
2.542
2.542
2.003
2.003
2.003
2.003
2.049
2.049
2.049
2.049
2.068
2.068
2.068
2.068
2.500
2.500
2.500
2.500
2.106
2.106
2.106
2.106
2.461
2.461
2.461
2.461
2.358
2.358
2.358
2.358
2.125
2.125
2.125
2.125
2.087
2.087
2.087
2.087
1.809
1.809
1.809
1.809
2.171
2.171
2.171
2.171
2.507
2.507
2.507
2.507
2.095
2.095
2.095
2.095
2.629
2.629
2.629
2.629
2.122
2.122
2.122
2.122
1.992
1.992
1.992
1.992
2.007
2.007
2.007
2.007
1.896
1.896
1.896
1.896
1.854
1.854
1.854
1.854
2.045
2.045
2.045
2.045
1.931
1.931
