1.561
1.561
1.561
1.561
1.564
1.564
1.564
1.564
1.568
1.568
1.568
1.568
1.568
1.568
1.568
1.568
2.526
2.526
2.526
2.526
2.561
2.561
2.561
2.561
2.160
2.160
2.160
2.160
2.603
2.603
2.603
2.603
2.629
2.629
2.629
2.629
2.572
2.572
2.572
2.572
2.652
2.652
2.652
2.652
2.564
2.564
2.564
2.564
2.580
2.580
2.580
2.580
2.576
2.576
2.576
2.576
2.538
2.538
2.538
2.538
2.629
2.629
2.629
2.629
2.591
2.591
2.591
2.591
2.584
2.584
2.584
2.584
2.564
2.564
2.564
2.564
2.576
2.576
2.576
2.576
2.519
2.519
2.519
2.519
2.530
2.530
2.530
2.530
2.530
2.530
2.530
2.530
2.542
2.542
2.542
2.542
2.549
2.549
2.549
2.549
2.542
2.542
2.542
2.542
2.935
2.935
2.935
2.935
3.675
3.675
3.675
3.675
2.778
2.778
2.778
2.778
2.358
2.358
2.358
2.358
2.416
2.416
2.416
2.416
2.301
2.301
2.301
2.301
2.396
2.396
2.396
2.396
2.022
2.022
2.022
2.022
2.225
2.225
2.225
2.225
2.404
2.404
2.404
2.404
2.465
2.465
2.465
2.465
2.183
2.183
2.183
2.183
2.885
2.885
2.885
2.885
2.320
2.320
2.320
2.320
2.183
2.183
2.183
2.183
1.973
1.973
1.973
1.973
2.255
2.255
2.255
2.255
2.095
2.095
2.095
2.095
2.194
2.194
2.194
2.194
2.584
2.584
2.584
2.584
2.641
2.641
2.641
2.641
2.450
2.450
2.450
2.450
2.801
2.801
2.801
2.801
2.339
2.339
2.339
2.339
2.683
2.683
2.683
2.683
3.076
3.076
3.076
3.076
2.145
2.145
2.145
2.145
2.744
2.744
2.744
2.744
2.633
2.633
2.633
2.633
2.545
2.545
2.545
2.545
2.584
2.584
2.584
2.584
2.324
2.324
2.324
2.324
2.366
2.366
2.366
2.366
2.015
2.015
2.015
2.015
2.458
2.458
2.458
2.458
2.278
2.278
2.278
2.278
2.542
2.542
2.542
2.542
2.114
2.114
2.114
2.114
1.938
1.938
1.938
1.938
3.908
3.908
3.908
3.908
2.946
2.946
2.946
2.946
1.931
1.931
1.931
1.931
1.931
1.931
1.931
1.931
1.954
1.954
1.954
1.954
3.267
3.267
3.267
3.267
2.412
2.412
2.412
2.412
2.641
2.641
2.641
2.641
2.801
2.801
2.801
2.801
2.809
2.809
2.809
2.809
2.721
2.721
2.721
2.721
2.106
2.106
2.106
2.106
2.866
2.866
2.866
2.866
2.572
2.572
2.572
2.572
2.160
2.160
2.160
2.160
2.400
2.400
2.400
2.400
2.408
2.408
2.408
2.408
2.881
2.881
2.881
2.881
2.320
2.320
2.320
2.320
2.778
2.778
2.778
2.778
2.526
2.526
2.526
2.526
2.042
2.042
2.042
2.042
2.259
2.259
2.259
2.259
2.469
2.469
2.469
2.469
2.435
2.435
2.435
2.435
2.786
2.786
2.786
2.786
2.355
2.355
2.355
2.355
2.732
2.732
2.732
2.732
2.683
2.683
2.683
2.683
2.572
2.572
2.572
2.572
2.358
2.358
2.358
2.358
2.145
2.145
2.145
2.145
2.141
2.141
2.141
2.141
2.473
2.473
2.473
2.473
2.087
2.087
2.087
2.087
