1.568
1.568
1.568
1.568
1.763
1.763
1.763
1.763
1.664
1.664
1.664
1.664
2.519
2.519
2.519
2.519
2.511
2.511
2.511
2.511
1.702
1.702
1.702
1.702
2.622
2.622
2.622
2.622
2.591
2.591
2.591
2.591
2.633
2.633
2.633
2.633
2.553
2.553
2.553
2.553
2.626
2.626
2.626
2.626
2.587
2.587
2.587
2.587
2.549
2.549
2.549
2.549
2.564
2.564
2.564
2.564
2.568
2.568
2.568
2.568
2.561
2.561
2.561
2.561
2.591
2.591
2.591
2.591
2.587
2.587
2.587
2.587
2.641
2.641
2.641
2.641
2.545
2.545
2.545
2.545
2.534
2.534
2.534
2.534
2.557
2.557
2.557
2.557
2.542
2.542
2.542
2.542
2.561
2.561
2.561
2.561
2.717
2.717
2.717
2.717
3.389
3.389
3.389
3.389
3.557
3.557
3.557
3.557
2.916
2.916
2.916
2.916
2.542
2.542
2.542
2.542
2.595
2.595
2.595
2.595
2.095
2.095
2.095
2.095
2.339
2.339
2.339
2.339
2.118
2.118
2.118
2.118
2.068
2.068
2.068
2.068
2.271
2.271
2.271
2.271
2.877
2.877
2.877
2.877
2.427
2.427
2.427
2.427
2.931
2.931
2.931
2.931
2.301
2.301
2.301
2.301
2.572
2.572
2.572
2.572
2.431
2.431
2.431
2.431
2.137
2.137
2.137
2.137
2.244
2.244
2.244
2.244
2.358
2.358
2.358
2.358
3.118
3.118
3.118
3.118
3.545
3.545
3.545
3.545
2.946
2.946
2.946
2.946
3.034
3.034
3.034
3.034
2.916
2.916
2.916
2.916
2.137
2.137
2.137
2.137
2.465
2.465
2.465
2.465
2.706
2.706
2.706
2.706
2.938
2.938
2.938
2.938
2.954
2.954
2.954
2.954
3.084
3.084
3.084
3.084
2.874
2.874
2.874
2.874
2.278
2.278
2.278
2.278
3.687
3.687
3.687
3.687
3.164
3.164
3.164
3.164
2.935
2.935
2.935
2.935
2.919
2.919
2.919
2.919
2.820
2.820
2.820
2.820
2.935
2.935
2.935
2.935
2.748
2.748
2.748
2.748
2.938
2.938
2.938
2.938
2.301
2.301
2.301
2.301
2.954
2.954
2.954
2.954
2.549
2.549
2.549
2.549
2.217
2.217
2.217
2.217
2.656
2.656
2.656
2.656
3.114
3.114
3.114
3.114
2.667
2.667
2.667
2.667
2.706
2.706
2.706
2.706
2.729
2.729
2.729
2.729
2.725
2.725
2.725
2.725
2.923
2.923
2.923
2.923
2.675
2.675
2.675
2.675
2.576
2.576
2.576
2.576
2.431
2.431
2.431
2.431
2.595
2.595
2.595
2.595
2.458
2.458
2.458
2.458
3.179
3.179
3.179
3.179
2.866
2.866
2.866
2.866
2.526
2.526
2.526
2.526
2.652
2.652
2.652
2.652
2.106
2.106
2.106
2.106
2.416
