1.564
1.564
1.564
1.564
1.564
1.564
1.564
1.564
1.866
1.866
1.866
1.866
2.526
2.526
2.526
2.526
2.816
2.816
2.816
2.816
2.011
2.011
2.011
2.011
2.580
2.580
2.580
2.580
1.938
1.938
1.938
1.938
2.221
2.221
2.221
2.221
2.561
2.561
2.561
2.561
2.606
2.606
2.606
2.606
2.584
2.584
2.584
2.584
2.580
2.580
2.580
2.580
2.568
2.568
2.568
2.568
2.595
2.595
2.595
2.595
2.561
2.561
2.561
2.561
2.576
2.576
2.576
2.576
2.271
2.271
2.271
2.271
2.893
2.893
2.893
2.893
2.549
2.549
2.549
2.549
2.557
2.557
2.557
2.557
2.549
2.549
2.549
2.549
2.774
2.774
2.774
2.774
3.095
3.095
3.095
3.095
3.324
3.324
3.324
3.324
2.759
2.759
2.759
2.759
3.236
3.236
3.236
3.236
3.061
3.061
3.061
3.061
2.881
2.881
2.881
2.881
2.793
2.793
2.793
2.793
2.213
2.213
2.213
2.213
2.900
2.900
2.900
2.900
2.946
2.946
2.946
2.946
2.813
2.813
2.813
2.813
2.942
2.942
2.942
2.942
2.702
2.702
2.702
2.702
3.022
3.022
3.022
3.022
2.977
2.977
2.977
2.977
2.908
2.908
2.908
2.908
2.870
2.870
2.870
2.870
2.584
2.584
2.584
2.584
2.790
2.790
2.790
2.790
2.774
2.774
2.774
2.774
2.461
2.461
2.461
2.461
3.045
3.045
3.045
3.045
3.145
3.145
3.145
3.145
3.091
3.091
3.091
3.091
3.095
3.095
3.095
3.095
3.057
3.057
3.057
3.057
3.076
3.076
3.076
3.076
3.141
3.141
3.141
3.141
3.038
3.038
3.038
3.038
2.958
2.958
2.958
2.958
2.725
2.725
2.725
2.725
3.255
3.255
3.255
3.255
3.148
3.148
3.148
3.148
3.129
3.129
3.129
3.129
3.007
3.007
3.007
3.007
3.007
3.007
3.007
3.007
2.721
2.721
2.721
2.721
2.778
2.778
2.778
2.778
2.675
2.675
2.675
2.675
3.171
3.171
3.171
3.171
3.057
3.057
3.057
3.057
3.164
3.164
3.164
3.164
3.011
3.011
3.011
3.011
3.026
3.026
3.026
3.026
3.019
3.019
3.019
3.019
2.709
2.709
2.709
2.709
2.778
2.778
2.778
2.778
2.774
2.774
2.774
2.774
3.076
3.076
3.076
3.076
3.175
3.175
3.175
3.175
3.126
3.126
3.126
3.126
3.084
3.084
3.084
3.084
3.064
3.064
3.064
3.064
2.893
2.893
2.893
2.893
2.732
2.732
2.732
2.732
2.897
2.897
2.897
2.897
2.908
2.908
2.908
2.908
3.019
3.019
3.019
3.019
2.958
2.958
2.958
2.958
3.057
3.057
3.057
3.057
3.030
3.030
3.030
3.030
2.816
2.816
2.816
2.816
2.824
2.824
2.824
2.824
2.919
2.919
2.919
2.919
2.904
2.904
2.904
2.904
2.832
2.832
2.832
2.832
3.148
3.148
3.148
3.148
3.118
3.118
3.118
3.118
2.889
2.889
2.889
2.889
2.942
2.942
2.942
2.942
2.125
2.125
2.125
2.125
2.977
2.977
2.977
2.977
3.049
3.049
3.049
3.049
2.912
2.912
2.912
2.912
2.732
2.732
2.732
2.732
2.751
2.751
2.751
2.751
3.000
3.000
3.000
3.000
3.061
3.061
3.061
3.061
3.259
3.259
3.259
3.259
3.011
3.011
3.011
3.011
3.236
3.236
3.236
3.236
2.828
2.828
2.828
2.828
2.103
2.103
2.103
2.103
1.958
1.958
1.958
1.958
2.251
2.251
2.251
2.251
3.194
3.194
3.194
3.194
3.175
3.175
3.175
3.175
3.248
3.248
3.248
3.248
3.183
3.183
3.183
3.183
3.076
