1.561
1.561
1.561
1.561
1.885
1.885
1.885
1.885
1.900
1.900
1.900
1.900
1.748
1.748
1.748
1.748
1.557
1.557
1.557
1.557
1.553
1.553
1.553
1.553
1.591
1.591
1.591
1.591
2.503
2.503
2.503
2.503
2.278
2.278
2.278
2.278
2.164
2.164
2.164
2.164
2.561
2.561
2.561
2.561
2.629
2.629
2.629
2.629
2.580
2.580
2.580
2.580
2.358
2.358
2.358
2.358
1.931
1.931
1.931
1.931
1.942
1.942
1.942
1.942
2.282
2.282
2.282
2.282
2.897
2.897
2.897
2.897
2.889
2.889
2.889
2.889
2.656
2.656
2.656
2.656
2.545
2.545
2.545
2.545
1.996
1.996
1.996
1.996
2.187
2.187
2.187
2.187
2.511
2.511
2.511
2.511
2.519
2.519
2.519
2.519
2.530
2.530
2.530
2.530
2.847
2.847
2.847
2.847
2.874
2.874
2.874
2.874
2.889
2.889
2.889
2.889
3.450
3.450
3.450
3.450
3.053
3.053
3.053
3.053
2.339
2.339
2.339
2.339
2.187
2.187
2.187
2.187
1.801
1.801
1.801
1.801
1.763
1.763
1.763
1.763
1.778
1.778
1.778
1.778
1.950
1.950
1.950
1.950
2.450
2.450
2.450
2.450
1.992
1.992
1.992
1.992
2.290
2.290
2.290
2.290
2.194
2.194
2.194
2.194
1.931
1.931
1.931
1.931
1.927
1.927
1.927
1.927
1.927
1.927
1.927
1.927
2.778
2.778
2.778
2.778
2.255
2.255
2.255
2.255
2.274
2.274
2.274
2.274
2.293
2.293
2.293
2.293
2.209
2.209
2.209
2.209
2.656
2.656
2.656
2.656
2.225
2.225
2.225
2.225
2.381
2.381
2.381
2.381
2.683
2.683
2.683
2.683
2.087
2.087
2.087
2.087
2.660
2.660
2.660
2.660
2.500
2.500
2.500
2.500
2.904
2.904
2.904
2.904
2.801
2.801
2.801
2.801
2.641
2.641
2.641
2.641
2.145
2.145
2.145
2.145
2.721
2.721
2.721
2.721
1.893
1.893
1.893
1.893
1.820
1.820
1.820
1.820
1.900
1.900
1.900
1.900
2.000
2.000
2.000
2.000
2.034
2.034
2.034
2.034
1.835
1.835
1.835
1.835
2.958
2.958
2.958
2.958
2.320
2.320
2.320
2.320
2.370
2.370
2.370
2.370
2.213
2.213
2.213
2.213
1.912
1.912
1.912
1.912
1.977
1.977
1.977
1.977
2.400
2.400
2.400
2.400
2.454
2.454
2.454
2.454
2.816
2.816
2.816
2.816
2.996
2.996
2.996
2.996
2.309
2.309
2.309
2.309
2.217
2.217
2.217
2.217
2.385
2.385
2.385
2.385
2.106
2.106
2.106
2.106
2.000
2.000
2.000
2.000
1.988
1.988
1.988
1.988
2.110
2.110
2.110
2.110
2.145
2.145
2.145
2.145
2.232
2.232
2.232
2.232
1.790
1.790
1.790
1.790
2.461
