1.572
1.572
1.572
1.572
1.763
1.763
1.763
1.763
1.561
1.561
1.561
1.561
1.568
1.568
1.568
1.568
2.519
2.519
2.519
2.519
2.515
2.515
2.515
2.515
1.709
1.709
1.709
1.709
2.690
2.690
2.690
2.690
2.610
2.610
2.610
2.610
2.603
2.603
2.603
2.603
2.606
2.606
2.606
2.606
2.599
2.599
2.599
2.599
2.584
2.584
2.584
2.584
2.648
2.648
2.648
2.648
2.564
2.564
2.564
2.564
2.652
2.652
2.652
2.652
2.584
2.584
2.584
2.584
2.603
2.603
2.603
2.603
2.614
2.614
2.614
2.614
2.645
2.645
2.645
2.645
2.511
2.511
2.511
2.511
2.542
2.542
2.542
2.542
2.553
2.553
2.553
2.553
2.538
2.538
2.538
2.538
2.538
2.538
2.538
2.538
2.561
2.561
2.561
2.561
2.606
2.606
2.606
2.606
3.007
3.007
3.007
3.007
3.313
3.313
3.313
3.313
3.114
3.114
3.114
3.114
3.137
3.137
3.137
3.137
3.053
3.053
3.053
3.053
3.084
3.084
3.084
3.084
2.973
2.973
2.973
2.973
3.282
3.282
3.282
3.282
3.248
3.248
3.248
3.248
3.339
3.339
3.339
3.339
3.335
3.335
3.335
3.335
3.034
3.034
3.034
3.034
3.034
3.034
3.034
3.034
3.072
3.072
3.072
3.072
2.938
2.938
2.938
2.938
2.877
2.877
2.877
2.877
2.801
2.801
2.801
2.801
2.801
2.801
2.801
2.801
2.198
2.198
2.198
2.198
3.072
3.072
3.072
3.072
3.209
3.209
3.209
3.209
3.076
3.076
3.076
3.076
3.064
3.064
3.064
3.064
3.042
3.042
3.042
3.042
2.946
2.946
2.946
2.946
2.954
2.954
2.954
2.954
2.919
2.919
2.919
2.919
2.988
2.988
2.988
2.988
3.118
3.118
3.118
3.118
3.087
3.087
3.087
3.087
3.053
3.053
3.053
3.053
2.980
2.980
2.980
2.980
3.049
3.049
3.049
3.049
2.942
2.942
2.942
2.942
2.923
2.923
2.923
2.923
2.927
2.927
2.927
2.927
2.984
2.984
2.984
2.984
3.087
3.087
3.087
3.087
2.973
2.973
2.973
2.973
3.019
3.019
3.019
3.019
2.992
2.992
2.992
2.992
3.026
3.026
3.026
3.026
2.996
2.996
2.996
2.996
2.805
2.805
2.805
2.805
2.866
2.866
2.866
2.866
2.274
2.274
2.274
2.274
3.076
3.076
3.076
3.076
3.080
3.080
3.080
3.080
3.198
3.198
3.198
3.198
2.996
2.996
2.996
2.996
3.091
3.091
3.091
3.091
3.080
3.080
3.080
3.080
2.866
2.866
2.866
2.866
2.851
2.851
2.851
2.851
2.931
2.931
2.931
2.931
2.916
2.916
2.916
2.916
1.946
1.946
1.946
1.946
3.305
3.305
3.305
3.305
2.923
2.923
2.923
2.923
2.778
2.778
2.778
2.778
2.813
2.813
2.813
2.813
2.893
2.893
2.893
2.893
2.881
2.881
2.881
2.881
2.942
2.942
2.942
2.942
2.965
2.965
2.965
2.965
2.820
2.820
2.820
2.820
2.813
2.813
2.813
2.813
2.778
2.778
2.778
2.778
2.614
2.614
2.614
2.614
2.866
2.866
2.866
2.866
2.763
2.763
2.763
2.763
2.809
2.809
2.809
2.809
2.835
2.835
2.835
2.835
2.904
2.904
2.904
2.904
3.045
3.045
3.045
3.045
3.080
3.080
3.080
3.080
3.049
3.049
3.049
3.049
3.122
3.122
3.122
3.122
3.007
3.007
3.007
3.007
3.003
3.003
3.003
